0.000000 0.658306
0.100000 0.620983
0.200000 1.365567
0.300000 0.451826
0.400000 0.669728
0.500000 0.183176
0.600000 -0.155206
0.700000 -0.752067
0.800000 -0.875271
0.900000 -0.571453
1.000000 -0.341749
0.000000 0.571670
0.100000 0.548660
0.200000 1.537804
0.300000 0.567446
0.400000 0.724238
0.500000 0.281874
0.600000 -0.094572
0.700000 -0.701189
0.800000 -0.957018
0.900000 -0.470115
1.000000 -0.384430
0.000000 0.799178
0.100000 0.648095
0.200000 1.465022
0.300000 0.613708
0.400000 0.666633
0.500000 0.156754
0.600000 -0.010087
0.700000 -0.554490
0.800000 -0.805530
0.900000 -0.535948
1.000000 -0.293405
0.000000 0.691213
0.100000 0.691260
0.200000 1.283053
0.300000 0.776915
0.400000 0.766709
0.500000 0.291739
0.600000 0.028515
0.700000 -0.470914
0.800000 -0.840244
0.900000 -0.479673
1.000000 -0.391818
0.000000 0.637153
0.100000 0.629199
0.200000 1.293631
0.300000 0.804026
0.400000 0.619424
0.500000 0.146201
0.600000 0.055221
0.700000 -0.550103
0.800000 -0.710140
0.900000 -0.631949
1.000000 -0.290520