phi,back_left,phi,back_right,phi,front_left,phi,front_right,
0,0,0,0,0,0,0,0
0.000714286,0,0.000714286,0,0.000714286,0,0.000714286,0
0.00142857,0,0.00142857,0,0.00142857,0,0.00142857,0
0.00214286,0,0.00214286,0,0.00214286,0,0.00214286,0
0.00285714,0,0.00285714,0,0.00285714,0,0.00285714,0
0.00357143,0,0.00357143,0,0.00357143,0,0.00357143,0
0.00428571,0,0.00428571,0,0.00428571,0,0.00428571,0
0.005,0,0.005,0,0.005,0,0.005,0
0.00571429,0,0.00571429,0,0.00571429,0,0.00571429,0
0.00642857,0,0.00642857,0,0.00642857,0,0.00642857,0
0.00714286,0,0.00714286,0,0.00714286,0,0.00714286,0
0.00785714,0,0.00785714,0,0.00785714,0,0.00785714,0
0.00857143,0,0.00857143,0,0.00857143,0,0.00857143,0
0.00928571,0,0.00928571,0,0.00928571,0,0.00928571,0
0.01,0,0.01,0,0.01,0,0.01,0
0.0107143,0,0.0107143,0,0.0107143,0,0.0107143,0
0.0114286,0,0.0114286,0,0.0114286,0,0.0114286,0
0.0121429,0,0.0121429,0,0.0121429,0,0.0121429,0
0.0128571,0,0.0128571,0,0.0128571,0,0.0128571,0
0.0135714,0,0.0135714,0,0.0135714,0,0.0135714,0
0.0142857,0,0.0142857,0,0.0142857,0,0.0142857,0
0.015,0,0.015,0,0.015,0,0.015,0
0.0157143,0,0.0157143,0,0.0157143,0,0.0157143,0
0.0164286,0,0.0164286,0,0.0164286,0,0.0164286,0
0.0171429,0,0.0171429,0,0.0171429,0,0.0171429,0
0.0178571,0,0.0178571,0,0.0178571,0,0.0178571,0
0.0185714,0,0.0185714,0,0.0185714,0,0.0185714,0
0.0192857,0,0.0192857,0,0.0192857,0,0.0192857,0
0.02,0,0.02,0,0.02,0,0.02,0
0.0207143,0,0.0207143,0,0.0207143,0,0.0207143,0
0.0214286,0,0.0214286,0,0.0214286,0,0.0214286,0
0.0221429,0,0.0221429,0,0.0221429,0,0.0221429,0
0.0228571,0,0.0228571,0,0.0228571,0,0.0228571,0
0.0235714,0,0.0235714,0,0.0235714,0,0.0235714,0
0.0242857,0,0.0242857,0,0.0242857,0,0.0242857,0
0.025,0,0.025,0,0.025,0,0.025,0
0.0257143,0,0.0257143,0,0.0257143,0,0.0257143,0
0.0264286,0,0.0264286,0,0.0264286,0,0.0264286,0
0.0271429,0,0.0271429,0,0.0271429,0,0.0271429,0
0.0278571,0,0.0278571,0,0.0278571,0,0.0278571,0
0.0285714,0,0.0285714,0,0.0285714,0,0.0285714,0
0.0292857,0,0.0292857,0,0.0292857,0,0.0292857,0
0.03,0,0.03,0,0.03,0,0.03,0
0.0307143,0,0.0307143,0,0.0307143,0,0.0307143,0
0.0314286,0,0.0314286,0,0.0314286,0,0.0314286,0
0.0321429,0,0.0321429,0,0.0321429,0,0.0321429,0
0.0328571,0,0.0328571,0,0.0328571,0,0.0328571,0
0.0335714,0,0.0335714,0,0.0335714,0,0.0335714,0
0.0342857,0,0.0342857,0,0.0342857,0,0.0342857,0
0.035,0,0.035,0,0.035,0,0.035,0
0.0357143,0,0.0357143,0,0.0357143,0,0.0357143,0
0.0364286,0,0.0364286,0,0.0364286,0,0.0364286,0
0.0371429,0,0.0371429,0,0.0371429,0,0.0371429,0
0.0378571,0,0.0378571,0,0.0378571,0,0.0378571,0
0.0385714,0,0.0385714,0,0.0385714,0,0.0385714,0
0.0392857,0,0.0392857,0,0.0392857,0,0.0392857,0
0.04,0,0.04,0,0.04,0,0.04,0
0.0407143,0,0.0407143,0,0.0407143,0,0.0407143,0
0.0414286,0,0.0414286,0,0.0414286,0,0.0414286,0
0.0421429,0,0.0421429,0,0.0421429,0,0.0421429,0
0.0428571,0,0.0428571,0,0.0428571,0,0.0428571,0
0.0435714,0,0.0435714,0,0.0435714,0,0.0435714,0
0.0442857,0,0.0442857,0,0.0442857,0,0.0442857,0
0.045,0,0.045,0,0.045,0,0.045,0
0.0457143,0,0.0457143,0,0.0457143,0,0.0457143,0
0.0464286,0,0.0464286,0,0.0464286,0,0.0464286,0
0.0471429,0,0.0471429,0,0.0471429,0,0.0471429,0
0.0478571,0,0.0478571,0,0.0478571,0,0.0478571,0
0.0485714,0,0.0485714,0,0.0485714,0,0.0485714,0
0.0492857,0,0.0492857,0,0.0492857,0,0.0492857,0
0.05,0,0.05,0,0.05,0,0.05,0
0.0507143,0,0.0507143,0,0.0507143,0,0.0507143,0
0.0514286,0,0.0514286,0,0.0514286,0,0.0514286,0
0.0521429,0,0.0521429,0,0.0521429,0,0.0521429,0
0.0528571,0,0.0528571,0,0.0528571,0,0.0528571,0
0.0535714,0,0.0535714,0,0.0535714,0,0.0535714,0
0.0542857,0,0.0542857,0,0.0542857,0,0.0542857,0
0.055,0,0.055,0,0.055,0,0.055,0
0.0557143,0,0.0557143,0,0.0557143,0,0.0557143,0
0.0564286,0,0.0564286,0,0.0564286,0,0.0564286,0
0.0571429,0,0.0571429,0,0.0571429,0,0.0571429,0
0.0578571,0,0.0578571,0,0.0578571,0,0.0578571,0
0.0585714,0,0.0585714,0,0.0585714,0,0.0585714,0
0.0592857,0,0.0592857,0,0.0592857,0,0.0592857,0
0.06,0,0.06,0,0.06,0,0.06,0
0.0607143,0,0.0607143,0,0.0607143,0,0.0607143,0
0.0614286,0,0.0614286,0,0.0614286,0,0.0614286,0
0.0621429,0,0.0621429,0,0.0621429,0,0.0621429,0
0.0628571,0,0.0628571,0,0.0628571,0,0.0628571,0
0.0635714,0,0.0635714,0,0.0635714,0,0.0635714,0
0.0642857,0,0.0642857,0,0.0642857,0,0.0642857,0
0.065,0,0.065,0,0.065,0,0.065,0
0.0657143,0,0.0657143,0,0.0657143,0,0.0657143,0
0.0664286,0,0.0664286,0,0.0664286,0,0.0664286,0
0.0671429,0,0.0671429,0,0.0671429,0,0.0671429,0
0.0678571,0,0.0678571,0,0.0678571,0,0.0678571,0
0.0685714,0,0.0685714,0,0.0685714,0,0.0685714,0
0.0692857,0,0.0692857,0,0.0692857,0,0.0692857,0
0.07,0,0.07,0,0.07,0,0.07,0
0.0707143,0,0.0707143,0,0.0707143,0,0.0707143,0
0.0714286,0,0.0714286,0,0.0714286,0,0.0714286,0
0.0721429,0,0.0721429,0,0.0721429,0,0.0721429,0
0.0728571,0,0.0728571,0,0.0728571,0,0.0728571,0
0.0735714,0,0.0735714,0,0.0735714,0,0.0735714,0
0.0742857,0,0.0742857,0,0.0742857,0,0.0742857,0
0.075,0,0.075,0,0.075,0,0.075,0
0.0757143,0,0.0757143,0,0.0757143,0,0.0757143,0
0.0764286,0,0.0764286,0,0.0764286,0,0.0764286,0
0.0771429,0,0.0771429,0,0.0771429,0,0.0771429,0
0.0778571,0,0.0778571,0,0.0778571,0,0.0778571,0
0.0785714,0,0.0785714,0,0.0785714,0,0.0785714,0
0.0792857,0,0.0792857,0,0.0792857,0,0.0792857,0
0.08,0,0.08,0,0.08,0,0.08,0
0.0807143,0,0.0807143,0,0.0807143,0,0.0807143,0
0.0814286,0,0.0814286,0,0.0814286,0,0.0814286,0
0.0821429,0,0.0821429,0,0.0821429,0,0.0821429,0
0.0828571,0,0.0828571,0,0.0828571,0,0.0828571,0
0.0835714,0,0.0835714,0,0.0835714,0,0.0835714,0
0.0842857,0,0.0842857,0,0.0842857,0,0.0842857,0
0.085,0,0.085,0,0.085,0,0.085,0
0.0857143,0,0.0857143,0,0.0857143,0,0.0857143,0
0.0864286,0,0.0864286,0,0.0864286,0,0.0864286,0
0.0871429,0,0.0871429,0,0.0871429,0,0.0871429,0
0.0878571,0,0.0878571,0,0.0878571,0,0.0878571,0
0.0885714,0,0.0885714,0,0.0885714,0,0.0885714,0
0.0892857,0,0.0892857,0,0.0892857,0,0.0892857,0
0.09,0,0.09,0,0.09,0,0.09,0
0.0907143,0,0.0907143,0,0.0907143,0,0.0907143,0
0.0914286,0,0.0914286,0,0.0914286,0,0.0914286,0
0.0921429,0,0.0921429,0,0.0921429,0,0.0921429,0
0.0928571,0,0.0928571,0,0.0928571,0,0.0928571,0
0.0935714,0,0.0935714,0,0.0935714,0,0.0935714,0
0.0942857,0,0.0942857,0,0.0942857,0,0.0942857,0
0.095,0,0.095,0,0.095,0,0.095,0
0.0957143,0,0.0957143,0,0.0957143,0,0.0957143,0
0.0964286,0,0.0964286,0,0.0964286,0,0.0964286,0
0.0971429,0,0.0971429,0,0.0971429,0,0.0971429,0
0.0978571,0,0.0978571,0,0.0978571,0,0.0978571,0
0.0985714,0,0.0985714,0,0.0985714,0,0.0985714,0
0.0992857,0,0.0992857,0,0.0992857,0,0.0992857,0
0.1,0,0.1,0,0.1,0,0.1,0
0.100714,0,0.100714,0,0.100714,0,0.100714,0
0.101429,0,0.101429,0,0.101429,0,0.101429,0
0.102143,0,0.102143,0,0.102143,0,0.102143,0
0.102857,0,0.102857,0,0.102857,0,0.102857,0
0.103571,0,0.103571,0,0.103571,0,0.103571,0
0.104286,0,0.104286,0,0.104286,0,0.104286,0
0.105,0,0.105,0,0.105,0,0.105,0
0.105714,0,0.105714,0,0.105714,0,0.105714,0
0.106429,0,0.106429,0,0.106429,0,0.106429,0
0.107143,0,0.107143,0,0.107143,0,0.107143,0
0.107857,0,0.107857,0,0.107857,0,0.107857,0
0.108571,0,0.108571,0,0.108571,0,0.108571,0
0.109286,0,0.109286,0,0.109286,0,0.109286,0
0.11,0,0.11,0,0.11,0,0.11,0
0.110714,708.375,0.110714,929.498,0.110714,0,0.110714,0
0.111429,435.946,0.111429,691.157,0.111429,0,0.111429,0
0.112143,399.085,0.112143,623.762,0.112143,0,0.112143,0
0.112857,382.201,0.112857,573.343,0.112857,0,0.112857,0
0.113571,373.749,0.113571,535.282,0.113571,0,0.113571,0
0.114286,365.953,0.114286,505.979,0.114286,0,0.114286,0
0.115,358.518,0.115,482.293,0.115,0,0.115,0
0.115714,351.386,0.115714,462.524,0.115714,0,0.115714,0
0.116429,344.591,0.116429,445.686,0.116429,0,0.116429,0
0.117143,338.166,0.117143,431.152,0.117143,0,0.117143,0
0.117857,331.668,0.117857,422.445,0.117857,0,0.117857,0
0.118571,319.708,0.118571,462.087,0.118571,0,0.118571,0
0.119286,304.629,0.119286,491.938,0.119286,0,0.119286,0
0.12,289.524,0.12,514.035,0.12,0,0.12,0
0.120714,275.164,0.120714,530.543,0.120714,0,0.120714,0
0.121429,262.457,0.121429,541.944,0.121429,0,0.121429,0
0.122143,251.604,0.122143,549.029,0.122143,0,0.122143,0
0.122857,260.954,0.122857,550.317,0.122857,0,0.122857,0
0.123571,280.346,0.123571,546.125,0.123571,0,0.123571,0
0.124286,294.982,0.124286,538.443,0.124286,0,0.124286,0
0.125,305.914,0.125,528.55,0.125,0,0.125,0
0.125714,313.881,0.125714,517.324,0.125714,0,0.125714,0
0.126429,319.426,0.126429,505.381,0.126429,0,0.126429,0
0.127143,322.947,0.127143,493.144,0.127143,0,0.127143,0
0.127857,324.65,0.127857,480.75,0.127857,0,0.127857,0
0.128571,325.088,0.128571,468.763,0.128571,0,0.128571,0
0.129286,324.311,0.129286,457.156,0.129286,0,0.129286,0
0.13,322.603,0.13,446.078,0.13,0,0.13,0
0.130714,320.141,0.130714,435.593,0.130714,0,0.130714,0
0.131429,317.077,0.131429,425.728,0.131429,0,0.131429,0
0.132143,313.542,0.132143,416.486,0.132143,0,0.132143,0
0.132857,309.649,0.132857,407.85,0.132857,0,0.132857,0
0.133571,305.495,0.133571,399.788,0.133571,0,0.133571,0
0.134286,301.164,0.134286,392.262,0.134286,0,0.134286,0
0.135,296.728,0.135,385.225,0.135,0,0.135,0
0.135714,292.245,0.135714,378.63,0.135714,0,0.135714,0
0.136429,287.766,0.136429,372.43,0.136429,0,0.136429,0
0.137143,283.331,0.137143,366.579,0.137143,0,0.137143,0
0.137857,278.972,0.137857,361.031,0.137857,0,0.137857,0
0.138571,274.715,0.138571,355.745,0.138571,0,0.138571,0
0.139286,270.578,0.139286,350.685,0.139286,0,0.139286,0
0.14,266.575,0.14,345.815,0.14,0,0.14,0
0.140714,262.716,0.140714,341.107,0.140714,0,0.140714,0
0.141429,259.004,0.141429,336.533,0.141429,0,0.141429,0
0.142143,255.441,0.142143,332.072,0.142143,0,0.142143,0
0.142857,252.027,0.142857,327.704,0.142857,0,0.142857,0
0.143571,248.758,0.143571,323.414,0.143571,0,0.143571,0
0.144286,245.631,0.144286,319.189,0.144286,0,0.144286,0
0.145,242.637,0.145,315.018,0.145,0,0.145,0
0.145714,239.772,0.145714,310.894,0.145714,0,0.145714,0
0.146429,237.027,0.146429,306.809,0.146429,0,0.146429,0
0.147143,234.394,0.147143,302.76,0.147143,0,0.147143,0
0.147857,231.864,0.147857,298.745,0.147857,0,0.147857,0
0.148571,402.495,0.148571,456.686,0.148571,0,0.148571,0
0.149286,360.329,0.149286,406.361,0.149286,761.242,0.149286,0
0.15,312.577,0.15,356.509,0.15,345.636,0.15,462.06
0.150714,276.959,0.150714,320.913,0.150714,295.95,0.150714,266.322
0.151429,250.88,0.151429,295.74,0.151429,282.801,0.151429,233.666
0.152143,406.663,0.152143,442.816,0.152143,308.903,0.152143,178.193
0.152857,348.691,0.152857,433.967,0.152857,285.811,0.152857,174.632
0.153571,286.669,0.153571,414.598,0.153571,250.811,0.153571,186.538
0.154286,255.662,0.154286,364.513,0.154286,279.287,0.154286,139.176
0.155,199.973,0.155,354.091,0.155,255.097,0.155,141.682
0.155714,177.768,0.155714,312.541,0.155714,219.717,0.155714,158.87
0.156429,131.515,0.156429,309.458,0.156429,250.879,0.156429,118.952
0.157143,118.327,0.157143,275.576,0.157143,232.088,0.157143,130.226
0.157857,81.8081,0.157857,279.049,0.157857,201.328,0.157857,154.164
0.158571,76.0555,0.158571,250.868,0.158571,235.767,0.158571,118.657
0.159286,45.712,0.159286,257.8,0.159286,218.945,0.159286,132.97
0.16,45.1126,0.16,233.502,0.16,247.276,0.16,109.698
0.160714,20.0792,0.160714,243.251,0.160714,225.554,0.160714,129.119
0.161429,23.5939,0.161429,222.014,0.161429,191.703,0.161429,157.785
0.162143,2.46712,0.162143,233.938,0.162143,230.942,0.162143,125.81
0.162857,26.1812,0.162857,224.904,0.162857,217.727,0.162857,150.832
0.163571,22.2163,0.163571,267.647,0.163571,260.006,0.163571,132.118
0.164286,42.6539,0.164286,280.557,0.164286,256.67,0.164286,149.551
0.165,29.2439,0.165,329.969,0.165,241.957,0.165,174.252
0.165714,46.198,0.165714,339.756,0.165714,322.762,0.165714,129.959
0.166429,59.5393,0.166429,351.79,0.166429,329.699,0.166429,138.993
0.167143,73.1711,0.167143,362.406,0.167143,337.453,0.167143,154.671
0.167857,59.548,0.167857,401.421,0.167857,400.42,0.167857,108.156
0.168571,77.9001,0.168571,396.955,0.168571,394.441,0.168571,120.285
0.169286,66.3509,0.169286,424.621,0.169286,443.796,0.169286,87.3067
0.17,85.4041,0.17,411.233,0.17,428.99,0.17,104.404
0.170714,74.7223,0.170714,430.694,0.170714,469.887,0.170714,75.2888
0.171429,93.3922,0.171429,411.558,0.171429,449.028,0.171429,94.7086
0.172143,83.116,0.172143,425.179,0.172143,484.782,0.172143,67.3248
0.172857,76.4932,0.172857,433.811,0.172857,460.094,0.172857,87.7958
0.173571,70.9673,0.173571,439.56,0.173571,492.395,0.173571,61.4829
0.174286,65.8575,0.174286,442.425,0.174286,520.752,0.174286,31.8267
0.175,61.0089,0.175,442.903,0.175,485.186,0.175,65.0203
0.175714,56.4025,0.175714,441.375,0.175714,510.442,0.175714,44.0331
0.176429,52.1088,0.176429,438.343,0.176429,534.091,0.176429,18.1767
0.177143,48.0902,0.177143,433.927,0.177143,493.973,0.177143,53.5017
0.177857,44.4074,0.177857,428.468,0.177857,516.45,0.177857,34.288
0.178571,41.0825,0.178571,422.241,0.178571,537.809,0.178571,9.50857
0.179286,38.1194,0.179286,415.478,0.179286,552.755,0.179286,0
0.18,35.2899,0.18,408.609,0.18,505.968,0.18,37.4013
0.180714,32.6144,0.180714,401.318,0.180714,526.229,0.180714,16.5154
0.181429,30.1496,0.181429,393.818,0.181429,542.926,0.181429,1.21743
0.182143,28.2061,0.182143,386.573,0.182143,552.881,0.182143,0
0.182857,26.6209,0.182857,379.525,0.182857,507.133,0.182857,25.5493
0.183571,25.0489,0.183571,372.608,0.183571,527.257,0.183571,3.47523
0.184286,23.7898,0.184286,365.977,0.184286,540.766,0.184286,0
0.185,22.7221,0.185,359.588,0.185,550.451,0.185,0
0.185714,21.7936,0.185714,353.44,0.185714,507.874,0.185714,14.2296
0.186429,20.9677,0.186429,347.536,0.186429,527.174,0.186429,0
0.187143,20.2162,0.187143,341.871,0.187143,539.15,0.187143,0
0.187857,19.5161,0.187857,336.441,0.187857,546.75,0.187857,0
0.188571,18.849,0.188571,331.235,0.188571,505.769,0.188571,5.39988
0.189286,18.2001,0.189286,326.241,0.189286,523.111,0.189286,0
0.19,16.8449,0.19,320.867,0.19,533.853,0.19,0
0.190714,14.999,0.190714,314.921,0.190714,493.754,0.190714,6.58569
0.191429,12.8027,0.191429,308.384,0.191429,511.695,0.191429,0
0.192143,10.3529,0.192143,301.318,0.192143,522.587,0.192143,0
0.192857,7.72539,0.192857,293.835,0.192857,483.392,0.192857,3.53728
0.193571,4.98796,0.193571,286.007,0.193571,500.449,0.193571,0
0.194286,2.18801,0.194286,277.954,0.194286,511.195,0.194286,0
0.195,0,0.195,269.714,0.195,473.006,0.195,0
0.195714,0,0.195714,261.168,0.195714,489.382,0.195714,0
0.196429,0,0.196429,252.485,0.196429,500.023,0.196429,0
0.197143,0,0.197143,243.755,0.197143,461.923,0.197143,0
0.197857,0,0.197857,235.038,0.197857,478.442,0.197857,0
0.198571,0,0.198571,226.38,0.198571,489.292,0.198571,0
0.199286,0,0.199286,217.82,0.199286,451.47,0.199286,0
0.2,0,0.2,209.387,0.2,468.259,0.2,0
0.200714,0,0.200714,215.223,0.200714,426.033,0.200714,0
0.201429,0,0.201429,213.347,0.201429,365.529,0.201429,0
0.202143,0,0.202143,209.366,0.202143,371.752,0.202143,0
0.202857,0,0.202857,204.872,0.202857,334.364,0.202857,0
0.203571,0,0.203571,200.404,0.203571,351.812,0.203571,0
0.204286,0,0.204286,196.163,0.204286,320.577,0.204286,0
0.205,0,0.205,192.206,0.205,340.558,0.205,0
0.205714,0,0.205714,188.534,0.205714,310.22,0.205714,0
0.206429,0,0.206429,185.126,0.206429,331.983,0.206429,0
0.207143,0,0.207143,181.995,0.207143,303.446,0.207143,0
0.207857,0,0.207857,179.06,0.207857,326.492,0.207857,0
0.208571,0,0.208571,176.29,0.208571,298.978,0.208571,0
0.209286,0,0.209286,173.675,0.209286,322.797,0.209286,0
0.21,0,0.21,171.227,0.21,295.907,0.21,0
0.210714,0,0.210714,168.867,0.210714,320.186,0.210714,0
0.211429,0,0.211429,166.599,0.211429,293.592,0.211429,0
0.212143,0,0.212143,164.418,0.212143,318.201,0.212143,0
0.212857,0,0.212857,162.317,0.212857,291.893,0.212857,0
0.213571,0,0.213571,160.29,0.213571,316.668,0.213571,0
0.214286,0,0.214286,158.335,0.214286,290.367,0.214286,0
0.215,0,0.215,156.45,0.215,315.313,0.215,0
0.215714,0,0.215714,154.603,0.215714,288.993,0.215714,0
0.216429,0,0.216429,152.792,0.216429,314.082,0.216429,0
0.217143,0,0.217143,151.074,0.217143,287.888,0.217143,0
0.217857,0,0.217857,149.446,0.217857,313.013,0.217857,0
0.218571,0,0.218571,147.907,0.218571,286.896,0.218571,0
0.219286,0,0.219286,146.461,0.219286,312.025,0.219286,0
0.22,0,0.22,145.11,0.22,285.966,0.22,0
0.220714,0,0.220714,143.856,0.220714,311.084,0.220714,0
0.221429,0,0.221429,142.686,0.221429,285.072,0.221429,0
0.222143,0,0.222143,141.619,0.222143,310.171,0.222143,0
0.222857,0,0.222857,140.66,0.222857,284.395,0.222857,0
0.223571,0,0.223571,139.812,0.223571,309.375,0.223571,0
0.224286,0,0.224286,139.078,0.224286,283.65,0.224286,0
0.225,0,0.225,138.458,0.225,308.556,0.225,0
0.225714,0,0.225714,137.955,0.225714,282.884,0.225714,0
0.226429,0,0.226429,137.585,0.226429,307.729,0.226429,0
0.227143,0,0.227143,137.331,0.227143,282.062,0.227143,0
0.227857,0,0.227857,137.193,0.227857,306.873,0.227857,0
0.228571,0,0.228571,137.169,0.228571,281.222,0.228571,0
0.229286,0,0.229286,137.257,0.229286,306.002,0.229286,0
0.23,0,0.23,137.458,0.23,280.367,0.23,0
0.230714,0,0.230714,137.716,0.230714,305.118,0.230714,0
0.231429,0,0.231429,138.11,0.231429,279.496,0.231429,0
0.232143,0,0.232143,138.592,0.232143,304.218,0.232143,0
0.232857,0,0.232857,139.205,0.232857,278.607,0.232857,0
0.233571,0.357028,0.233571,139.898,0.233571,303.298,0.233571,0
0.234286,1.19306,0.234286,140.631,0.234286,277.697,0.234286,0
0.235,2.0437,0.235,141.416,0.235,302.357,0.235,0
0.235714,2.79009,0.235714,142.265,0.235714,276.997,0.235714,0
0.236429,3.46931,0.236429,143.179,0.236429,301.496,0.236429,0
0.237143,4.10288,0.237143,144.158,0.237143,276.202,0.237143,0
0.237857,4.70507,0.237857,145.2,0.237857,300.582,0.237857,0
0.238571,5.28593,0.238571,146.302,0.238571,275.269,0.238571,0
0.239286,5.84821,0.239286,147.468,0.239286,299.59,0.239286,0
0.24,6.36633,0.24,148.733,0.24,274.349,0.24,0
0.240714,6.86415,0.240714,150.066,0.240714,298.585,0.240714,0
0.241429,7.37249,0.241429,151.442,0.241429,273.588,0.241429,0
0.242143,7.89566,0.242143,152.859,0.242143,297.708,0.242143,0
0.242857,8.65953,0.242857,154.506,0.242857,272.894,0.242857,1.03354
0.243571,9.68661,0.243571,156.411,0.243571,297.12,0.243571,0
0.244286,10.835,0.244286,158.494,0.244286,272.391,0.244286,2.30649
0.245,12.0353,0.245,160.721,0.245,296.646,0.245,0
0.245714,13.2504,0.245714,163.063,0.245714,271.924,0.245714,3.69066
0.246429,14.451,0.246429,165.495,0.246429,296.206,0.246429,0
0.247143,15.6165,0.247143,167.999,0.247143,313.669,0.247143,0
0.247857,16.733,0.247857,170.558,0.247857,283.585,0.247857,0
0.248571,17.7914,0.248571,173.158,0.248571,304.94,0.248571,0
0.249286,18.7865,0.249286,175.789,0.249286,278.44,0.249286,0
0.25,19.7161,0.25,178.44,0.25,300.781,0.25,0
0.250714,20.5797,0.250714,181.105,0.250714,275.163,0.250714,1.87657
0.251429,21.3782,0.251429,183.776,0.251429,297.838,0.251429,0
0.252143,22.1138,0.252143,186.45,0.252143,314.103,0.252143,0
0.252857,22.789,0.252857,189.121,0.252857,283.174,0.252857,0
0.253571,23.4069,0.253571,191.787,0.253571,303.645,0.253571,0
0.254286,23.9707,0.254286,194.447,0.254286,275.471,0.254286,0
0.255,24.4836,0.255,197.097,0.255,297.688,0.255,0
0.255714,24.949,0.255714,199.737,0.255714,313.415,0.255714,0
0.256429,25.3701,0.256429,202.366,0.256429,281.925,0.256429,0
0.257143,25.7499,0.257143,204.984,0.257143,301.975,0.257143,0
0.257857,26.0914,0.257857,207.59,0.257857,273.546,0.257857,0
0.258571,26.3972,0.258571,210.183,0.258571,295.363,0.258571,0
0.259286,26.6699,0.259286,212.764,0.259286,310.785,0.259286,0
0.26,26.9119,0.26,215.332,0.26,279.163,0.26,0
0.260714,27.1253,0.260714,217.887,0.260714,298.979,0.260714,0
0.261429,27.3123,0.261429,220.428,0.261429,270.926,0.261429,0
0.262143,27.4746,0.262143,222.957,0.262143,292.41,0.262143,0
0.262857,27.9046,0.262857,225.445,0.262857,307.574,0.262857,0
0.263571,31.3053,0.263571,227.631,0.263571,276.292,0.263571,0
0.264286,34.1833,0.264286,229.648,0.264286,295.823,0.264286,0
0.265,36.6208,0.265,231.54,0.265,267.669,0.265,0
0.265714,38.6807,0.265714,233.325,0.265714,289.001,0.265714,0
0.266429,40.4172,0.266429,235.017,0.266429,304.08,0.266429,0
0.267143,41.8798,0.267143,236.623,0.267143,272.845,0.267143,0
0.267857,43.1141,0.267857,238.15,0.267857,292.323,0.267857,0
0.268571,44.1619,0.268571,239.607,0.268571,264.239,0.268571,0
0.269286,45.061,0.269286,240.999,0.269286,285.533,0.269286,0
0.27,45.8687,0.27,242.303,0.27,300.594,0.27,0
0.270714,46.657,0.270714,243.476,0.270714,269.443,0.270714,0
0.271429,47.3696,0.271429,244.626,0.271429,288.948,0.271429,0
0.272143,48.0324,0.272143,245.752,0.272143,302.801,0.272143,0
0.272857,48.6639,0.272857,246.856,0.272857,270.865,0.272857,0
0.273571,49.2787,0.273571,247.939,0.273571,289.671,0.273571,0
0.274286,49.888,0.274286,249.006,0.274286,261.181,0.274286,0
0.275,50.5002,0.275,250.058,0.275,281.945,0.275,0
0.275714,51.121,0.275714,251.096,0.275714,296.594,0.275714,0
0.276429,51.7538,0.276429,252.123,0.276429,265.28,0.276429,0
0.277143,52.4008,0.277143,253.138,0.277143,284.455,0.277143,0
0.277857,53.0628,0.277857,254.143,0.277857,298.062,0.277857,0
0.278571,53.7396,0.278571,255.137,0.278571,266.105,0.278571,0
0.279286,54.4299,0.279286,256.122,0.279286,284.703,0.279286,0
0.28,55.1318,0.28,257.097,0.28,256.249,0.28,0
0.280714,55.8428,0.280714,258.06,0.280714,276.848,0.280714,0
0.281429,56.5605,0.281429,259.013,0.281429,291.402,0.281429,0
0.282143,57.2821,0.282143,259.953,0.282143,260.199,0.282143,0
0.282857,58.0048,0.282857,260.881,0.282857,279.276,0.282857,0
0.283571,58.7259,0.283571,261.795,0.283571,292.844,0.283571,0
0.284286,59.4427,0.284286,262.694,0.284286,261.046,0.284286,0
0.285,60.1529,0.285,263.578,0.285,279.585,0.285,0
0.285714,60.8542,0.285714,264.447,0.285714,251.295,0.285714,0
0.286429,61.5446,0.286429,265.299,0.286429,271.832,0.286429,0
0.287143,62.2223,0.287143,266.133,0.287143,286.375,0.287143,0
0.287857,62.8858,0.287857,266.949,0.287857,255.356,0.287857,0
0.288571,63.5336,0.288571,267.747,0.288571,274.387,0.288571,0
0.289286,64.1646,0.289286,268.527,0.289286,246.611,0.289286,0
0.29,64.778,0.29,269.286,0.29,267.471,0.29,0
0.290714,65.3727,0.290714,270.027,0.290714,282.31,0.290714,0
0.291429,65.9484,0.291429,270.747,0.291429,251.642,0.291429,0
0.292143,66.5043,0.292143,271.447,0.292143,270.879,0.292143,0
0.292857,67.0401,0.292857,272.128,0.292857,284.639,0.292857,0
0.293571,67.5555,0.293571,272.787,0.293571,253.3,0.293571,0
0.294286,68.0501,0.294286,273.427,0.294286,271.921,0.294286,0
0.295,68.5239,0.295,274.046,0.295,244.026,0.295,0
0.295714,68.9767,0.295714,274.645,0.295714,264.574,0.295714,0
0.296429,69.4083,0.296429,275.223,0.296429,279.185,0.296429,0
0.297143,69.8186,0.297143,275.781,0.297143,248.52,0.297143,0
0.297857,70.2075,0.297857,276.319,0.297857,267.528,0.297857,0
0.298571,70.575,0.298571,276.838,0.298571,239.964,0.298571,0
0.299286,70.9209,0.299286,277.336,0.299286,260.815,0.299286,0
0.3,71.2451,0.3,277.814,0.3,275.684,0.3,0
0.300714,71.5882,0.300714,278.309,0.300714,245.367,0.300714,0
0.301429,71.9682,0.301429,278.833,0.301429,264.583,0.301429,0
0.302143,72.3643,0.302143,279.358,0.302143,237.303,0.302143,0
0.302857,72.7755,0.302857,279.873,0.302857,258.279,0.302857,0
0.303571,73.1965,0.303571,280.372,0.303571,273.255,0.303571,0
0.304286,73.6218,0.304286,280.855,0.304286,243.089,0.304286,0
0.305,74.0458,0.305,281.323,0.305,262.271,0.305,0
0.305714,74.4635,0.305714,281.778,0.305714,235.049,0.305714,0
0.306429,74.8708,0.306429,282.222,0.306429,255.946,0.306429,0
0.307143,75.2642,0.307143,282.656,0.307143,270.86,0.307143,0
0.307857,75.6411,0.307857,283.082,0.307857,240.736,0.307857,0
0.308571,75.9994,0.308571,283.503,0.308571,259.828,0.308571,0
0.309286,76.3379,0.309286,283.919,0.309286,273.537,0.309286,0
0.31,76.6556,0.31,284.333,0.31,242.641,0.31,0
0.310714,76.9525,0.310714,284.745,0.310714,261.022,0.310714,0
0.311429,77.2285,0.311429,285.157,0.311429,233.346,0.311429,0
0.312143,77.4842,0.312143,285.568,0.312143,253.627,0.312143,0
0.312857,77.7203,0.312857,285.981,0.312857,268.088,0.312857,0
0.313571,77.9378,0.313571,286.395,0.313571,237.747,0.313571,0
0.314286,78.1378,0.314286,286.811,0.314286,256.391,0.314286,0
0.315,78.3214,0.315,287.228,0.315,229.056,0.315,0
0.315714,78.4899,0.315714,287.649,0.315714,249.488,0.315714,0
0.316429,78.6447,0.316429,288.071,0.316429,264.113,0.316429,0
0.317143,78.787,0.317143,288.496,0.317143,234.034,0.317143,0
0.317857,78.918,0.317857,288.923,0.317857,252.772,0.317857,0
0.318571,79.039,0.318571,289.352,0.318571,225.652,0.318571,0
0.319286,79.151,0.319286,289.784,0.319286,246.137,0.319286,0
0.32,79.2552,0.32,290.218,0.32,260.838,0.32,0
0.320714,79.3524,0.320714,290.654,0.320714,230.943,0.320714,0
0.321429,79.4436,0.321429,291.092,0.321429,249.696,0.321429,0
0.322143,79.5295,0.322143,291.531,0.322143,222.723,0.322143,0
0.322857,79.6109,0.322857,291.972,0.322857,243.191,0.322857,0
0.323571,79.6884,0.323571,292.415,0.323571,257.907,0.323571,0
0.324286,79.7625,0.324286,292.858,0.324286,228.146,0.324286,0
0.325,79.8338,0.325,293.303,0.325,246.862,0.325,0
0.325714,79.9026,0.325714,293.748,0.325714,219.996,0.325714,0
0.326429,79.9692,0.326429,294.194,0.326429,240.405,0.326429,0
0.327143,80.034,0.327143,294.64,0.327143,255.105,0.327143,0
0.327857,80.0972,0.327857,295.085,0.327857,225.459,0.327857,0
0.328571,80.1591,0.328571,295.531,0.328571,244.11,0.328571,0
0.329286,80.2196,0.329286,295.976,0.329286,217.339,0.329286,0
0.33,80.2791,0.33,296.42,0.33,237.669,0.33,0
0.330714,80.3375,0.330714,296.863,0.330714,252.343,0.330714,0
0.331429,80.395,0.331429,297.305,0.331429,222.81,0.331429,0
0.332143,80.4516,0.332143,297.745,0.332143,241.385,0.332143,0
0.332857,80.5073,0.332857,298.184,0.332857,214.712,0.332857,0
0.333571,80.5622,0.333571,298.62,0.333571,234.956,0.333571,0
0.334286,80.6162,0.334286,299.053,0.334286,249.603,0.334286,0
0.335,80.6693,0.335,299.484,0.335,220.192,0.335,0
0.335714,80.7216,0.335714,299.911,0.335714,238.688,0.335714,0
0.336429,80.7729,0.336429,300.335,0.336429,212.121,0.336429,0
0.337143,80.8232,0.337143,300.756,0.337143,232.275,0.337143,0
0.337857,80.8725,0.337857,301.172,0.337857,246.898,0.337857,0
0.338571,80.9208,0.338571,301.583,0.338571,217.621,0.338571,0
0.339286,80.968,0.339286,301.99,0.339286,236.035,0.339286,0
0.34,81.0139,0.34,302.392,0.34,209.584,0.34,0
0.340714,81.0586,0.340714,302.789,0.340714,229.646,0.340714,0
0.341429,81.102,0.341429,303.179,0.341429,244.248,0.341429,0
0.342143,81.144,0.342143,303.564,0.342143,215.07,0.342143,0
0.342857,81.1964,0.342857,304.023,0.342857,233.425,0.342857,0
0.343571,81.2281,0.343571,304.536,0.343571,207.111,0.343571,0
0.344286,81.2207,0.344286,305.085,0.344286,227.083,0.344286,0
0.345,81.1668,0.345,305.662,0.345,201.925,0.345,0
0.345714,81.0649,0.345714,306.261,0.345714,222.643,0.345714,0
0.346429,80.9154,0.346429,306.881,0.346429,237.849,0.346429,0
0.347143,80.719,0.347143,307.517,0.347143,209.241,0.347143,0
0.347857,80.4774,0.347857,308.166,0.347857,227.987,0.347857,0
0.348571,80.1933,0.348571,308.825,0.348571,202.239,0.348571,0
0.349286,79.8698,0.349286,309.493,0.349286,222.435,0.349286,0
0.35,79.5103,0.35,310.165,0.35,197.731,0.35,0
0.350714,79.1185,0.350714,310.84,0.350714,218.579,0.350714,0
0.351429,78.6979,0.351429,311.516,0.351429,233.995,0.351429,0
0.352143,78.2521,0.352143,312.19,0.352143,205.938,0.352143,0
0.352857,77.7847,0.352857,312.859,0.352857,224.644,0.352857,0
0.353571,77.2991,0.353571,313.523,0.353571,199.168,0.353571,0
0.354286,76.7987,0.354286,314.178,0.354286,219.337,0.354286,0
0.355,76.2865,0.355,314.823,0.355,194.889,0.355,0
0.355714,75.7655,0.355714,315.456,0.355714,215.683,0.355714,0
0.356429,75.2383,0.356429,316.076,0.356429,231.156,0.356429,0
0.357143,74.7074,0.357143,316.682,0.357143,203.191,0.357143,0
0.357857,74.1751,0.357857,317.271,0.357857,221.921,0.357857,0
0.358571,73.6433,0.358571,317.842,0.358571,196.704,0.358571,0
0.359286,73.1139,0.359286,318.395,0.359286,216.795,0.359286,0
0.36,72.5883,0.36,318.929,0.36,192.569,0.36,0
0.360714,72.0666,0.360714,319.44,0.360714,213.259,0.360714,0
0.361429,71.5532,0.361429,319.932,0.361429,228.758,0.361429,0
0.362143,71.0468,0.362143,320.401,0.362143,201.043,0.362143,0
0.362857,70.5482,0.362857,320.847,0.362857,219.675,0.362857,0
0.363571,70.058,0.363571,321.269,0.363571,194.679,0.363571,0
0.364286,69.5766,0.364286,321.666,0.364286,214.388,0.364286,0
0.365,69.1043,0.365,322.038,0.365,190.448,0.365,0
0.365714,68.6413,0.365714,322.383,0.365714,210.398,0.365714,0
0.366429,68.1875,0.366429,322.702,0.366429,187.125,0.366429,0
0.367143,67.7429,0.367143,322.994,0.367143,207.194,0.367143,0
0.367857,67.3074,0.367857,323.258,0.367857,223.401,0.367857,0
0.368571,66.8807,0.368571,323.494,0.368571,196.554,0.368571,0
0.369286,66.4625,0.369286,323.701,0.369286,214.72,0.369286,0
0.37,66.0526,0.37,323.879,0.37,190.571,0.37,0
0.370714,65.6506,0.370714,324.028,0.370714,209.574,0.370714,0
0.371429,65.2562,0.371429,324.146,0.371429,186.532,0.371429,0
0.372143,64.8689,0.372143,324.235,0.372143,205.802,0.372143,0
0.372857,64.4883,0.372857,324.292,0.372857,221.419,0.372857,0
0.373571,64.1142,0.373571,324.319,0.373571,195.139,0.373571,0
0.374286,63.746,0.374286,324.314,0.374286,212.625,0.374286,0
0.375,63.3835,0.375,324.277,0.375,189.02,0.375,0
0.375714,63.0263,0.375714,324.208,0.375714,207.337,0.375714,0
0.376429,62.674,0.376429,324.107,0.376429,184.868,0.376429,0
0.377143,62.3263,0.377143,323.973,0.377143,203.472,0.377143,0
0.377857,61.9829,0.377857,323.806,0.377857,218.625,0.377857,0
0.378571,61.6436,0.378571,323.605,0.378571,193.129,0.378571,0
0.379286,61.3081,0.379286,323.371,0.379286,210.062,0.379286,0
0.38,60.9762,0.38,323.102,0.38,187.18,0.38,0
0.380714,60.6477,0.380714,322.799,0.380714,204.934,0.380714,0
0.381429,60.3225,0.381429,322.461,0.381429,183.189,0.381429,0
0.382143,60.0003,0.382143,322.088,0.382143,200.989,0.382143,0
0.382857,59.7127,0.382857,321.722,0.382857,215.934,0.382857,0
0.383571,59.4483,0.383571,321.359,0.383571,191.386,0.383571,0
0.384286,59.1922,0.384286,321.017,0.384286,207.89,0.384286,0
0.385,58.8573,0.385,320.646,0.385,185.834,0.385,0
0.385714,58.4765,0.385714,320.261,0.385714,202.867,0.385714,0
0.386429,58.0768,0.386429,319.84,0.386429,217.251,0.386429,0
0.387143,57.6781,0.387143,319.362,0.387143,192.952,0.387143,0
0.387857,57.2812,0.387857,318.83,0.387857,208.883,0.387857,0
0.388571,56.8874,0.388571,318.245,0.388571,187.109,0.388571,0
0.389286,56.4982,0.389286,317.609,0.389286,203.584,0.389286,0
0.39,56.1211,0.39,316.96,0.39,217.561,0.39,0
0.390714,55.7433,0.390714,316.287,0.390714,193.728,0.390714,0
0.391429,55.3562,0.391429,315.581,0.391429,208.932,0.391429,0
0.392143,54.9587,0.392143,314.84,0.392143,187.737,0.392143,0
0.392857,54.5505,0.392857,314.062,0.392857,203.802,0.392857,0
0.393571,54.1322,0.393571,313.25,0.393571,217.33,0.393571,0
0.394286,53.7041,0.394286,312.402,0.394286,194.195,0.394286,0
0.395,53.2669,0.395,311.52,0.395,209.068,0.395,0
0.395714,52.8211,0.395714,310.602,0.395714,188.443,0.395714,0
0.396429,52.3675,0.396429,309.65,0.396429,204.149,0.396429,0
0.397143,51.9066,0.397143,308.664,0.397143,217.377,0.397143,0
0.397857,51.4391,0.397857,307.643,0.397857,194.959,0.397857,0
0.398571,50.9654,0.398571,306.587,0.398571,209.552,0.398571,0
0.399286,50.4863,0.399286,305.496,0.399286,189.544,0.399286,0
0.4,50.0023,0.4,304.37,0.4,204.948,0.4,0
0.400714,49.5366,0.400714,303.227,0.400714,218.024,0.400714,0
0.401429,49.0961,0.401429,302.068,0.401429,196.353,0.401429,0
0.402143,48.6615,0.402143,300.871,0.402143,210.752,0.402143,0
0.402857,48.2263,0.402857,299.623,0.402857,191.461,0.402857,0
0.403571,47.7839,0.403571,298.317,0.403571,206.699,0.403571,0
0.404286,47.3287,0.404286,296.948,0.404286,219.745,0.404286,0
0.405,46.8561,0.405,295.515,0.405,198.901,0.405,0
0.405714,46.3624,0.405714,294.014,0.405714,213.188,0.405714,0
0.406429,45.8647,0.406429,292.464,0.406429,194.642,0.406429,0
0.407143,45.3735,0.407143,290.877,0.407143,209.74,0.407143,0
0.407857,44.8615,0.407857,289.226,0.407857,222.762,0.407857,0
0.408571,44.3243,0.408571,287.512,0.408571,202.715,0.408571,0
0.409286,43.7597,0.409286,285.735,0.409286,216.891,0.409286,0
0.41,43.1663,0.41,283.898,0.41,199.051,0.41,0
0.410714,42.5374,0.410714,281.996,0.410714,214.011,0.410714,0
0.411429,41.8836,0.411429,280.042,0.411429,226.932,0.411429,0
0.412143,41.1999,0.412143,278.034,0.412143,207.661,0.412143,0
0.412857,40.4866,0.412857,275.972,0.412857,221.749,0.412857,0
0.413571,39.7447,0.413571,273.859,0.413571,234.046,0.413571,0
0.414286,38.9561,0.414286,271.679,0.414286,214.564,0.414286,0
0.415,38.1121,0.415,269.424,0.415,228.22,0.415,0
0.415714,37.2283,0.415714,267.112,0.415714,210.98,0.415714,0
0.416429,36.3148,0.416429,264.75,0.416429,225.316,0.416429,0
0.417143,35.378,0.417143,262.343,0.417143,237.92,0.417143,0
0.417857,34.4226,0.417857,259.893,0.417857,219.472,0.417857,0
0.418571,33.4525,0.418571,257.403,0.418571,233.049,0.418571,0
0.419286,32.4708,0.419286,254.874,0.419286,245.117,0.419286,0
0.42,31.48,0.42,252.308,0.42,226.502,0.42,0
0.420714,30.4827,0.420714,249.707,0.420714,239.729,0.420714,0
0.421429,29.4808,0.421429,247.072,0.421429,251.523,0.421429,0
0.422143,28.4762,0.422143,244.406,0.422143,232.982,0.422143,0
0.422857,27.4706,0.422857,241.71,0.422857,245.924,0.422857,0
0.423571,26.4654,0.423571,238.985,0.423571,228.896,0.423571,0
0.424286,25.4618,0.424286,236.235,0.424286,242.866,0.424286,0
0.425,24.4858,0.425,233.463,0.425,255.257,0.425,0
0.425714,23.5067,0.425714,230.662,0.425714,237.25,0.425714,0
0.426429,22.5266,0.426429,227.839,0.426429,250.643,0.426429,0
0.427143,21.5486,0.427143,224.996,0.427143,262.645,0.427143,0
0.427857,20.5746,0.427857,222.135,0.427857,244.708,0.427857,0
0.428571,19.6354,0.428571,219.39,0.428571,257.804,0.428571,0
0.429286,18.7285,0.429286,216.945,0.429286,269.577,0.429286,0
0.43,17.6975,0.43,214.634,0.43,251.688,0.43,0
0.430714,16.5489,0.430714,212.414,0.430714,264.573,0.430714,0
0.431429,15.2785,0.431429,210.257,0.431429,276.169,0.431429,0
0.432143,13.8907,0.432143,208.146,0.432143,258.376,0.432143,0
0.432857,12.3971,0.432857,206.07,0.432857,271.054,0.432857,0
0.433571,10.8102,0.433571,204.018,0.433571,254.799,0.433571,0
0.434286,9.14353,0.434286,201.982,0.434286,268.474,0.434286,0
0.435,7.41087,0.435,199.957,0.435,280.706,0.435,0
0.435714,5.63698,0.435714,197.95,0.435714,263.646,0.435714,0
0.436429,3.89978,0.436429,195.998,0.436429,276.765,0.436429,0
0.437143,2.09846,0.437143,194.016,0.437143,288.622,0.437143,0
0.437857,0.243627,0.437857,192.005,0.437857,272.131,0.437857,0
0.438571,0,0.438571,189.87,0.438571,284.779,0.438571,0
0.439286,0,0.439286,187.651,0.439286,296.282,0.439286,0
0.44,0,0.44,185.373,0.44,279.799,0.44,0
0.440714,0,0.440714,182.994,0.440714,292.168,0.440714,0
0.441429,0,0.441429,180.578,0.441429,277.16,0.441429,0
0.442143,0,0.442143,178.12,0.442143,290.373,0.442143,0
0.442857,0,0.442857,175.615,0.442857,302.321,0.442857,0
0.443571,0,0.443571,173.062,0.443571,286.547,0.443571,0
0.444286,0,0.444286,170.453,0.444286,299.227,0.444286,0
0.445,0,0.445,167.787,0.445,310.82,0.445,0
0.445714,0,0.445714,165.064,0.445714,294.717,0.445714,0
0.446429,0,0.446429,162.283,0.446429,307.197,0.446429,0
0.447143,0,0.447143,159.445,0.447143,292.374,0.447143,0
0.447857,0,0.447857,156.55,0.447857,305.77,0.447857,0
0.448571,0,0.448571,153.6,0.448571,317.842,0.448571,0
0.449286,0,0.449286,150.6,0.449286,302.318,0.449286,0
0.45,0,0.45,147.551,0.45,315.106,0.45,0
0.450714,0,0.450714,144.459,0.450714,326.769,0.450714,0
0.451429,0,0.451429,141.327,0.451429,310.817,0.451429,0
0.452143,0,0.452143,138.162,0.452143,323.347,0.452143,0
0.452857,0,0.452857,134.968,0.452857,308.482,0.452857,0
0.453571,0,0.453571,131.752,0.453571,321.949,0.453571,0
0.454286,0,0.454286,128.52,0.454286,333.996,0.454286,0
0.455,0,0.455,125.279,0.455,318.483,0.455,0
0.455714,0,0.455714,122.033,0.455714,331.25,0.455714,0
0.456429,0,0.456429,118.791,0.456429,342.827,0.456429,0
0.457143,0,0.457143,115.559,0.457143,326.813,0.457143,0
0.457857,0,0.457857,112.342,0.457857,339.266,0.457857,0
0.458571,0,0.458571,109.148,0.458571,324.189,0.458571,0
0.459286,0,0.459286,105.982,0.459286,337.588,0.459286,0
0.46,0,0.46,102.85,0.46,349.468,0.46,0
0.460714,0,0.460714,99.7577,0.460714,333.803,0.460714,0
0.461429,0,0.461429,96.7112,0.461429,346.437,0.461429,0
0.462143,0,0.462143,93.7155,0.462143,357.802,0.462143,0
0.462857,0,0.462857,90.7754,0.462857,341.595,0.462857,0
0.463571,0,0.463571,87.8956,0.463571,353.873,0.463571,0
0.464286,0,0.464286,85.0807,0.464286,338.489,0.464286,0
0.465,0,0.465,82.3346,0.465,351.76,0.465,0
0.465714,0,0.465714,79.6613,0.465714,363.359,0.465714,0
0.466429,0,0.466429,77.0643,0.466429,347.41,0.466429,0
0.467143,0,0.467143,74.547,0.467143,359.837,0.467143,0
0.467857,0,0.467857,72.1122,0.467857,370.908,0.467857,0
0.468571,0,0.468571,69.7629,0.468571,354.427,0.468571,0
0.469286,0,0.469286,67.5014,0.469286,366.525,0.469286,0
0.47,0,0.47,65.33,0.47,350.745,0.47,0
0.470714,0,0.470714,63.2508,0.470714,363.502,0.470714,0
0.471429,0,0.471429,61.2655,0.471429,374.819,0.471429,0
0.472143,0,0.472143,59.3757,0.472143,358.553,0.472143,0
0.472857,0,0.472857,57.5829,0.472857,370.671,0.472857,0
0.473571,0,0.473571,55.8881,0.473571,381.456,0.473571,0
0.474286,0,0.474286,54.2924,0.474286,364.68,0.474286,0
0.475,0,0.475,52.7737,0.475,376.341,0.475,0
0.475714,0,0.475714,51.3652,0.475714,386.747,0.475714,0
0.476429,0,0.476429,50.0769,0.476429,369.613,0.476429,0
0.477143,0,0.477143,48.8921,0.477143,380.855,0.477143,0
0.477857,0,0.477857,47.8099,0.477857,390.917,0.477857,0
0.478571,0,0.478571,46.8299,0.478571,373.501,0.478571,0
0.479286,0,0.479286,45.9517,0.479286,384.337,0.479286,0
0.48,0,0.48,45.1749,0.48,394.164,0.48,0
0.480714,0,0.480714,44.5,0.480714,376.467,0.480714,0
0.481429,0,0.481429,43.9267,0.481429,386.894,0.481429,0
0.482143,0,0.482143,43.4541,0.482143,396.381,0.482143,0
0.482857,0,0.482857,43.0818,0.482857,378.505,0.482857,0
0.483571,0,0.483571,42.8094,0.483571,388.569,0.483571,0
0.484286,0,0.484286,42.6366,0.484286,397.705,0.484286,0
0.485,0,0.485,42.5633,0.485,379.699,0.485,0
0.485714,0,0.485714,42.5891,0.485714,389.436,0.485714,0
0.486429,0,0.486429,42.7137,0.486429,398.245,0.486429,0
0.487143,0,0.487143,42.937,0.487143,380.13,0.487143,0
0.487857,0,0.487857,43.2586,0.487857,389.567,0.487857,0
0.488571,0,0.488571,43.6784,0.488571,398.066,0.488571,0
0.489286,0,0.489286,44.1959,0.489286,379.849,0.489286,0
0.49,0,0.49,44.8006,0.49,389.009,0.49,0
0.490714,0.332915,0.490714,45.4496,0.490714,397.209,0.490714,0
0.491429,1.19127,0.491429,46.1649,0.491429,378.893,0.491429,0
0.492143,2.09193,0.492143,46.9466,0.492143,387.795,0.492143,0
0.492857,2.8905,0.492857,47.8039,0.492857,395.702,0.492857,0
0.493571,3.62102,0.493571,48.7387,0.493571,377.28,0.493571,0
0.494286,4.30209,0.494286,49.7458,0.494286,385.939,0.494286,0
0.495,4.94652,0.495,50.8202,0.495,393.553,0.495,0
0.495714,5.55644,0.495714,51.9684,0.495714,375.016,0.495714,0
0.496429,6.11359,0.496429,53.2194,0.496429,383.444,0.496429,0
0.497143,6.65805,0.497143,54.5194,0.497143,390.761,0.497143,0
0.497857,7.19282,0.497857,55.886,0.497857,372.153,0.497857,0
0.498571,7.73404,0.498571,57.2927,0.498571,380.353,0.498571,0
0.499286,8.28848,0.499286,58.7391,0.499286,387.355,0.499286,0
0.5,8.87969,0.5,60.2484,0.5,368.718,0.5,0
0.500714,9.5576,0.500714,61.8652,0.500714,376.687,0.500714,0
0.501429,10.2887,0.501429,63.5548,0.501429,383.346,0.501429,0
0.502143,11.0363,0.502143,65.3029,0.502143,364.674,0.502143,0
0.502857,11.7854,0.502857,67.1024,0.502857,372.336,0.502857,0
0.503571,12.5305,0.503571,68.9508,0.503571,378.646,0.503571,0
0.504286,13.2705,0.504286,70.8474,0.504286,359.958,0.504286,0
0.505,14.0056,0.505,72.7924,0.505,367.302,0.505,0
0.505714,14.7367,0.505714,74.7865,0.505714,373.27,0.505714,0
0.506429,15.4647,0.506429,76.8306,0.506429,354.586,0.506429,0
0.507143,16.1904,0.507143,78.9257,0.507143,361.628,0.507143,0
0.507857,16.9142,0.507857,81.0726,0.507857,367.259,0.507857,0
0.508571,17.6366,0.508571,83.2722,0.508571,348.595,0.508571,0
0.509286,18.3578,0.509286,85.525,0.509286,355.36,0.509286,0
0.51,19.0778,0.51,87.8317,0.51,360.658,0.51,0
0.510714,19.7965,0.510714,90.1924,0.510714,342.03,0.510714,0
0.511429,20.5138,0.511429,92.6075,0.511429,348.445,0.511429,0
0.512143,21.2295,0.512143,95.0768,0.512143,353.421,0.512143,0
0.512857,21.9434,0.512857,97.6002,0.512857,357.771,0.512857,0
0.513571,22.6551,0.513571,100.177,0.513571,338.295,0.513571,0
0.514286,23.3642,0.514286,102.807,0.514286,343.537,0.514286,0
0.515,24.0704,0.515,105.49,0.515,347.58,0.515,0
0.515714,24.7731,0.515714,108.224,0.515714,328.644,0.515714,0
0.516429,25.4721,0.516429,111.009,0.516429,333.824,0.516429,0
0.517143,26.1667,0.517143,113.843,0.517143,337.755,0.517143,0
0.517857,26.8794,0.517857,116.798,0.517857,341.108,0.517857,0
0.518571,27.5923,0.518571,119.882,0.518571,321.577,0.518571,0
0.519286,28.2671,0.519286,123.071,0.519286,325.852,0.519286,0
0.52,28.8887,0.52,126.351,0.52,329.039,0.52,0
0.520714,29.4576,0.520714,129.717,0.520714,331.707,0.520714,0
0.521429,29.9788,0.521429,133.162,0.521429,311.844,0.521429,0
0.522143,30.4566,0.522143,136.68,0.522143,315.585,0.522143,0
0.522857,30.895,0.522857,140.263,0.522857,318.261,0.522857,0
0.523571,31.2982,0.523571,143.905,0.523571,320.41,0.523571,0
0.524286,31.67,0.524286,147.599,0.524286,300.396,0.524286,0
0.525,32.0139,0.525,151.338,0.525,303.695,0.525,0
0.525714,32.333,0.525714,155.118,0.525714,305.947,0.525714,0
0.526429,32.63,0.526429,158.931,0.526429,307.662,0.526429,0
0.527143,32.907,0.527143,162.774,0.527143,287.618,0.527143,0
0.527857,33.166,0.527857,166.64,0.527857,290.557,0.527857,0
0.528571,33.4088,0.528571,170.525,0.528571,292.469,0.528571,0
0.529286,33.6368,0.529286,174.426,0.529286,293.836,0.529286,0
0.53,33.8512,0.53,178.337,0.53,273.867,0.53,0
0.530714,34.0531,0.530714,182.256,0.530714,276.526,0.530714,0
0.531429,34.2433,0.531429,186.179,0.531429,278.18,0.531429,0
0.532143,34.4227,0.532143,190.104,0.532143,279.281,0.532143,0
0.532857,34.5919,0.532857,194.027,0.532857,279.814,0.532857,0
0.533571,34.7515,0.533571,197.946,0.533571,259.425,0.533571,0
0.534286,34.902,0.534286,201.86,0.534286,261.562,0.534286,0
0.535,35.0438,0.535,205.765,0.535,262.74,0.535,0
0.535714,35.1773,0.535714,209.661,0.535714,263.351,0.535714,0
0.536429,35.3028,0.536429,213.545,0.536429,263.448,0.536429,0
0.537143,35.4208,0.537143,217.416,0.537143,243.033,0.537143,0
0.537857,35.5314,0.537857,221.273,0.537857,244.802,0.537857,0
0.538571,35.6349,0.538571,225.114,0.538571,245.618,0.538571,0
0.539286,35.7338,0.539286,228.941,0.539286,245.836,0.539286,0
0.54,35.8232,0.54,232.746,0.54,245.583,0.54,0
0.540714,35.9059,0.540714,236.533,0.540714,225.19,0.540714,0
0.541429,35.9831,0.541429,240.299,0.541429,226.677,0.541429,0
0.542143,36.0545,0.542143,244.044,0.542143,227.238,0.542143,0
0.542857,36.1198,0.542857,247.766,0.542857,227.232,0.542857,0
0.543571,36.1755,0.543571,251.459,0.543571,226.793,0.543571,0
0.544286,36.2243,0.544286,255.124,0.544286,206.59,0.544286,0
0.545,36.2685,0.545,258.763,0.545,207.915,0.545,0
0.545714,36.3089,0.545714,262.373,0.545714,208.329,0.545714,0
0.546429,36.3459,0.546429,265.954,0.546429,208.203,0.546429,0
0.547143,36.3797,0.547143,269.506,0.547143,207.672,0.547143,0
0.547857,36.4104,0.547857,273.026,0.547857,206.845,0.547857,0
0.548571,36.438,0.548571,276.516,0.548571,186.597,0.548571,0
0.549286,36.4629,0.549286,279.973,0.549286,187.684,0.549286,0
0.55,36.485,0.55,283.396,0.55,187.876,0.55,0
0.550714,36.5656,0.550714,286.781,0.550714,187.552,0.550714,0
0.551429,41.195,0.551429,289.782,0.551429,186.845,0.551429,0
0.552143,45.2925,0.552143,292.684,0.552143,185.861,0.552143,0
0.552857,48.9435,0.552857,295.579,0.552857,165.856,0.552857,0
0.553571,52.1882,0.553571,298.502,0.553571,166.792,0.553571,0
0.554286,55.0509,0.554286,301.461,0.554286,166.841,0.554286,0
0.555,57.5501,0.555,304.454,0.555,166.397,0.555,0
0.555714,59.7031,0.555714,307.472,0.555714,165.594,0.555714,0
0.556429,61.5269,0.556429,310.505,0.556429,164.536,0.556429,0
0.557143,63.102,0.557143,313.434,0.557143,144.951,0.557143,0
0.557857,64.3831,0.557857,316.356,0.557857,145.809,0.557857,0
0.558571,65.3903,0.558571,319.259,0.558571,145.804,0.558571,0
0.559286,66.1428,0.559286,322.131,0.559286,145.335,0.559286,0
0.56,66.6598,0.56,324.964,0.56,144.535,0.56,0
0.560714,66.9607,0.560714,327.747,0.560714,143.507,0.560714,0
0.561429,67.0647,0.561429,330.472,0.561429,142.313,0.561429,0
0.562143,66.9907,0.562143,333.134,0.562143,123.119,0.562143,0
0.562857,66.7576,0.562857,335.728,0.562857,123.887,0.562857,0
0.563571,66.3836,0.563571,338.248,0.563571,123.815,0.563571,0
0.564286,65.8864,0.564286,340.692,0.564286,123.305,0.564286,0
0.565,65.283,0.565,343.057,0.565,122.489,0.565,0
0.565714,64.5897,0.565714,345.344,0.565714,121.464,0.565714,0
0.566429,63.822,0.566429,347.552,0.566429,120.293,0.566429,0
0.567143,62.9945,0.567143,349.68,0.567143,101.762,0.567143,0
0.567857,62.1211,0.567857,351.731,0.567857,102.508,0.567857,0
0.568571,61.2146,0.568571,353.706,0.568571,102.447,0.568571,0
0.569286,60.2869,0.569286,355.608,0.569286,101.981,0.569286,0
0.57,59.3492,0.57,357.438,0.57,101.24,0.57,0
0.570714,58.4116,0.570714,359.2,0.570714,100.316,0.570714,0
0.571429,57.4834,0.571429,360.896,0.571429,99.2688,0.571429,0
0.572143,56.5731,0.572143,362.528,0.572143,98.1302,0.572143,0
0.572857,55.6881,0.572857,364.1,0.572857,80.3984,0.572857,0
0.573571,54.8354,0.573571,365.615,0.573571,81.1378,0.573571,0
0.574286,54.0209,0.574286,367.073,0.574286,81.1117,0.574286,0
0.575,53.25,0.575,368.479,0.575,80.717,0.575,0
0.575714,52.5272,0.575714,369.832,0.575714,80.0763,0.575714,0
0.576429,51.8565,0.576429,371.136,0.576429,79.2809,0.576429,0
0.577143,51.2413,0.577143,372.391,0.577143,78.3835,0.577143,0
0.577857,50.4512,0.577857,373.608,0.577857,77.4131,0.577857,0
0.578571,50.7151,0.578571,373.208,0.578571,76.3847,0.578571,0
0.579286,51.3079,0.579286,372.512,0.579286,75.3044,0.579286,0
0.58,51.9874,0.58,371.771,0.58,74.1735,0.58,0
0.580714,52.6718,0.580714,371.114,0.580714,72.8032,0.580714,0
0.581429,53.3266,0.581429,370.612,0.581429,53.8117,0.581429,0
0.582143,53.9331,0.582143,370.304,0.582143,55.0662,0.582143,0
0.582857,54.4798,0.582857,370.21,0.582857,53.5662,0.582857,0
0.583571,54.9593,0.583571,370.34,0.583571,51.3568,0.583571,0
0.584286,55.3672,0.584286,370.694,0.584286,49.0355,0.584286,0
0.585,55.7014,0.585,371.267,0.585,46.7703,0.585,0
0.585714,55.9617,0.585714,372.047,0.585714,44.6053,0.585714,0
0.586429,56.1494,0.586429,373.018,0.586429,42.5503,0.586429,0
0.587143,56.2674,0.587143,374.163,0.587143,40.6064,0.587143,0
0.587857,56.3194,0.587857,375.462,0.587857,38.7718,0.587857,0
0.588571,56.3098,0.588571,376.892,0.588571,37.0441,0.588571,0
0.589286,56.2438,0.589286,378.433,0.589286,35.4208,0.589286,0
0.59,56.127,0.59,380.062,0.59,33.8988,0.59,0
0.590714,55.965,0.590714,381.758,0.590714,32.4751,0.590714,0
0.591429,55.764,0.591429,383.499,0.591429,31.1462,0.591429,0
0.592143,55.5296,0.592143,385.266,0.592143,29.909,0.592143,0
0.592857,55.2678,0.592857,387.04,0.592857,28.7601,0.592857,0
0.593571,54.9843,0.593571,388.805,0.593571,27.6961,0.593571,0
0.594286,54.6843,0.594286,390.545,0.594286,26.7139,0.594286,0
0.595,54.3732,0.595,392.247,0.595,25.8103,0.595,0
0.595714,54.0558,0.595714,393.898,0.595714,24.9823,0.595714,0
0.596429,53.7365,0.596429,395.488,0.596429,24.227,0.596429,0
0.597143,53.4195,0.597143,397.009,0.597143,23.5418,0.597143,0
0.597857,53.1086,0.597857,398.452,0.597857,22.9243,0.597857,0
0.598571,52.8072,0.598571,399.811,0.598571,22.3721,0.598571,0
0.599286,52.5186,0.599286,401.082,0.599286,21.8832,0.599286,0
0.6,52.2453,0.6,402.26,0.6,21.4557,0.6,0
0.600714,51.9868,0.600714,403.342,0.600714,21.095,0.600714,0
0.601429,51.7508,0.601429,404.332,0.601429,20.7791,0.601429,0
0.602143,51.5483,0.602143,405.239,0.602143,20.5531,0.602143,0
0.602857,51.3796,0.602857,406.059,0.602857,20.2704,0.602857,0
0.603571,51.2439,0.603571,406.79,0.603571,19.9548,0.603571,0
0.604286,51.1396,0.604286,407.431,0.604286,19.6133,0.604286,0
0.605,51.0652,0.605,407.984,0.605,19.2478,0.605,0
0.605714,51.0193,0.605714,408.452,0.605714,18.8584,0.605714,0
0.606429,51.0003,0.606429,408.838,0.606429,18.445,0.606429,0
0.607143,51.0683,0.607143,409.051,0.607143,18.0074,0.607143,0
0.607857,51.1106,0.607857,409.143,0.607857,17.5457,0.607857,0
0.608571,51.2056,0.608571,409.197,0.608571,17.0603,0.608571,0
0.609286,51.3322,0.609286,409.201,0.609286,16.5518,0.609286,0
0.61,51.4829,0.61,409.155,0.61,16.0068,0.61,0
0.610714,51.6554,0.610714,409.065,0.610714,15.3751,0.610714,0
0.611429,51.8654,0.611429,408.994,0.611429,14.7123,0.611429,0
0.612143,52.0869,0.612143,408.929,0.612143,14.0372,0.612143,0
0.612857,52.3005,0.612857,408.851,0.612857,13.345,0.612857,0
0.613571,52.5051,0.613571,408.757,0.613571,12.634,0.613571,0
0.614286,52.7018,0.614286,408.648,0.614286,11.9045,0.614286,0
0.615,52.8919,0.615,408.523,0.615,11.1568,0.615,0
0.615714,53.0772,0.615714,408.384,0.615714,10.392,0.615714,0
0.616429,53.2594,0.616429,408.23,0.616429,9.61099,0.616429,0
0.617143,53.4404,0.617143,408.061,0.617143,8.81471,0.617143,0
0.617857,53.6222,0.617857,407.878,0.617857,8.17837,0.617857,0
0.618571,53.8066,0.618571,407.68,0.618571,7.49116,0.618571,0
0.619286,53.9953,0.619286,407.468,0.619286,6.78924,0.619286,0
0.62,54.1902,0.62,407.24,0.62,6.07549,0.62,0
0.620714,54.3927,0.620714,406.998,0.620714,5.35121,0.620714,0
0.621429,54.6042,0.621429,406.741,0.621429,4.61714,0.621429,0
0.622143,54.8259,0.622143,406.47,0.622143,3.87365,0.622143,0
0.622857,55.0591,0.622857,406.185,0.622857,3.12091,0.622857,0
0.623571,55.3046,0.623571,405.885,0.623571,2.35892,0.623571,0
0.624286,55.5634,0.624286,405.572,0.624286,1.58766,0.624286,0
0.625,55.8361,0.625,405.246,0.625,0.807084,0.625,0
0.625714,56.1234,0.625714,404.908,0.625714,0.0171225,0.625714,0
0.626429,56.4259,0.626429,404.557,0.626429,0,0.626429,0
0.627143,56.7438,0.627143,404.194,0.627143,8.4528,0.627143,0
0.627857,57.0777,0.627857,403.82,0.627857,0,0.627857,0
0.628571,57.4279,0.628571,403.435,0.628571,0,0.628571,0
0.629286,57.7946,0.629286,403.04,0.629286,0,0.629286,0
0.63,58.178,0.63,402.636,0.63,0,0.63,0
0.630714,58.5784,0.630714,402.222,0.630714,0,0.630714,0
0.631429,58.9961,0.631429,401.8,0.631429,0,0.631429,0
0.632143,59.4313,0.632143,401.37,0.632143,0,0.632143,0
0.632857,59.8843,0.632857,400.931,0.632857,0,0.632857,0
0.633571,60.3555,0.633571,400.485,0.633571,0,0.633571,0
0.634286,60.8453,0.634286,400.032,0.634286,0,0.634286,0
0.635,61.3542,0.635,399.573,0.635,0,0.635,0
0.635714,61.8829,0.635714,399.107,0.635714,0,0.635714,0
0.636429,62.4322,0.636429,398.634,0.636429,0,0.636429,0
0.637143,63.003,0.637143,398.156,0.637143,0,0.637143,0
0.637857,63.5964,0.637857,397.672,0.637857,0,0.637857,0
0.638571,64.2137,0.638571,397.183,0.638571,0,0.638571,0
0.639286,64.8562,0.639286,396.689,0.639286,0,0.639286,0
0.64,65.5249,0.64,396.191,0.64,0,0.64,0
0.640714,66.1452,0.640714,395.826,0.640714,0,0.640714,0
0.641429,66.7484,0.641429,396.14,0.641429,0,0.641429,0
0.642143,66.0664,0.642143,396.453,0.642143,0,0.642143,0
0.642857,65.4997,0.642857,396.411,0.642857,0,0.642857,0
0.643571,65.0719,0.643571,396.081,0.643571,0,0.643571,0
0.644286,64.7872,0.644286,395.506,0.644286,0,0.644286,0
0.645,64.6471,0.645,394.717,0.645,0,0.645,0
0.645714,64.6336,0.645714,393.739,0.645714,0,0.645714,0
0.646429,64.7429,0.646429,392.598,0.646429,0,0.646429,0
0.647143,64.9633,0.647143,391.314,0.647143,0.657168,0.647143,0
0.647857,65.2828,0.647857,389.907,0.647857,0,0.647857,0
0.648571,65.69,0.648571,388.397,0.648571,0,0.648571,0
0.649286,66.1742,0.649286,386.8,0.649286,0,0.649286,0
0.65,66.7257,0.65,385.133,0.65,3.71248,0.65,0
0.650714,67.3362,0.650714,383.41,0.650714,0,0.650714,0
0.651429,67.9984,0.651429,381.644,0.651429,0,0.651429,0
0.652143,68.7061,0.652143,379.845,0.652143,4.47661,0.652143,0
0.652857,69.4542,0.652857,378.024,0.652857,0,0.652857,0
0.653571,70.2385,0.653571,376.189,0.653571,0,0.653571,0
0.654286,71.0557,0.654286,374.345,0.654286,9.51723,0.654286,0
0.655,71.903,0.655,372.5,0.655,0,0.655,0
0.655714,72.7781,0.655714,370.656,0.655714,2.25794,0.655714,0
0.656429,73.6794,0.656429,368.817,0.656429,0,0.656429,0
0.657143,74.6053,0.657143,366.985,0.657143,2.86552,0.657143,0
0.657857,75.5546,0.657857,365.161,0.657857,0,0.657857,0
0.658571,76.526,0.658571,363.345,0.658571,5.23128,0.658571,0
0.659286,77.5184,0.659286,361.538,0.659286,0,0.659286,0
0.66,78.5304,0.66,359.737,0.66,7.90114,0.66,0
0.660714,79.5606,0.660714,357.941,0.660714,0,0.660714,0
0.661429,80.6074,0.661429,356.15,0.661429,10.5336,0.661429,0
0.662143,81.6691,0.662143,354.361,0.662143,0,0.662143,0
0.662857,82.7442,0.662857,352.575,0.662857,13.0429,0.662857,0
0.663571,83.8308,0.663571,350.789,0.663571,0,0.663571,0
0.664286,84.9276,0.664286,349.005,0.664286,15.426,0.664286,0
0.665,86.0329,0.665,347.222,0.665,55.5767,0.665,0
0.665714,87.1455,0.665714,345.44,0.665714,74.8971,0.665714,0
0.666429,88.264,0.666429,343.658,0.666429,77.6802,0.666429,0
0.667143,89.387,0.667143,341.876,0.667143,79.4286,0.667143,0
0.667857,90.5136,0.667857,340.095,0.667857,81.006,0.667857,0
0.668571,91.6424,0.668571,338.313,0.668571,81.9834,0.668571,0
0.669286,92.7724,0.669286,336.531,0.669286,82.5967,0.669286,0
0.67,93.9027,0.67,334.748,0.67,82.9188,0.67,0
0.670714,95.0323,0.670714,332.966,0.670714,82.9727,0.670714,0
0.671429,96.1603,0.671429,331.183,0.671429,9.37969,0.671429,227.159
0.672143,97.2858,0.672143,329.4,0.672143,0,0.672143,172.8
0.672857,98.4081,0.672857,327.617,0.672857,4.15131,0.672857,159.128
0.673571,99.5264,0.673571,325.835,0.673571,9.05933,0.673571,151.502
0.674286,100.64,0.674286,324.055,0.674286,11.7896,0.674286,146.762
0.675,101.748,0.675,322.276,0.675,23.4776,0.675,135.608
0.675714,102.85,0.675714,320.499,0.675714,33.6631,0.675714,125.552
0.676429,103.946,0.676429,318.726,0.676429,39.7061,0.676429,119.474
0.677143,105.034,0.677143,316.956,0.677143,43.18,0.677143,116.099
0.677857,106.115,0.677857,315.192,0.677857,44.6298,0.677857,111.846
0.678571,107.187,0.678571,313.433,0.678571,46.7384,0.678571,107.389
0.679286,108.251,0.679286,311.681,0.679286,46.7315,0.679286,104.251
0.68,109.306,0.68,309.937,0.68,44.6509,0.68,102.825
0.680714,110.351,0.680714,308.202,0.680714,41.3476,0.680714,102.489
0.681429,111.387,0.681429,306.476,0.681429,37.4052,0.681429,102.857
0.682143,112.412,0.682143,304.762,0.682143,33.3822,0.682143,103.644
0.682857,113.427,0.682857,303.06,0.682857,32.4836,0.682857,103.577
0.683571,114.43,0.683571,301.372,0.683571,32.5246,0.683571,102.896
0.684286,115.417,0.684286,299.692,0.684286,32.7915,0.684286,101.72
0.685,116.398,0.685,298.035,0.685,35.95,0.685,99.2557
0.685714,117.366,0.685714,296.392,0.685714,38.4328,0.685714,96.1686
0.686429,118.322,0.686429,294.768,0.686429,40.3908,0.686429,92.9093
0.687143,119.265,0.687143,293.162,0.687143,41.9137,0.687143,89.5757
0.687857,120.196,0.687857,291.577,0.687857,41.4292,0.687857,87.6356
0.688571,121.113,0.688571,290.013,0.688571,42.3946,0.688571,84.2884
0.689286,122.018,0.689286,288.472,0.689286,43.2023,0.689286,80.5361
0.69,122.909,0.69,286.954,0.69,42.1103,0.69,78.419
0.690714,123.786,0.690714,285.46,0.690714,42.6161,0.690714,74.9665
0.691429,124.649,0.691429,283.992,0.691429,41.3627,0.691429,72.6462
0.692143,125.498,0.692143,282.551,0.692143,41.7988,0.692143,69.1074
0.692857,126.332,0.692857,281.137,0.692857,40.4917,0.692857,66.7854
0.693571,127.152,0.693571,279.752,0.693571,39.1979,0.693571,64.7809
0.694286,127.956,0.694286,278.396,0.694286,38.0457,0.694286,62.5447
0.695,128.745,0.695,277.07,0.695,37.0545,0.695,60.2101
0.695714,129.519,0.695714,275.776,0.695714,36.2298,0.695714,57.828
0.696429,130.276,0.696429,274.513,0.696429,35.5718,0.696429,55.4303
0.697143,131.017,0.697143,273.284,0.697143,35.0775,0.697143,53.0409
0.697857,131.742,0.697857,272.088,0.697857,34.7424,0.697857,50.6792
0.698571,132.449,0.698571,270.926,0.698571,34.5606,0.698571,48.3614
0.699286,133.139,0.699286,269.799,0.699286,34.5254,0.699286,46.1012
0.7,133.812,0.7,268.709,0.7,34.6296,0.7,43.9099
0.700714,134.465,0.700714,267.655,0.700714,34.8695,0.700714,41.8002
0.701429,135.094,0.701429,266.632,0.701429,35.2461,0.701429,39.7898
0.702143,135.699,0.702143,265.633,0.702143,35.763,0.702143,37.8703
0.702857,136.274,0.702857,264.647,0.702857,36.3756,0.702857,36.0672
0.703571,136.816,0.703571,263.666,0.703571,37.0773,0.703571,34.3912
0.704286,137.323,0.704286,262.684,0.704286,37.8792,0.704286,32.8278
0.705,137.792,0.705,261.696,0.705,38.7713,0.705,31.3702
0.705714,138.222,0.705714,260.697,0.705714,39.7451,0.705714,30.0153
0.706429,138.61,0.706429,259.685,0.706429,40.7924,0.706429,28.7592
0.707143,138.958,0.707143,258.653,0.707143,41.9059,0.707143,27.5973
0.707857,139.261,0.707857,257.605,0.707857,43.0755,0.707857,26.5371
0.708571,139.52,0.708571,256.535,0.708571,44.3048,0.708571,25.5459
0.709286,139.737,0.709286,255.442,0.709286,45.5838,0.709286,24.6331
0.71,139.913,0.71,254.322,0.71,46.9038,0.71,23.7971
0.710714,140.046,0.710714,253.182,0.710714,48.2597,0.710714,23.03
0.711429,140.136,0.711429,252.016,0.711429,49.6468,0.711429,22.3261
0.712143,140.186,0.712143,250.826,0.712143,51.058,0.712143,21.6817
0.712857,140.197,0.712857,249.612,0.712857,52.4948,0.712857,21.0871
0.713571,140.169,0.713571,248.375,0.713571,53.95,0.713571,20.5397
0.714286,140.103,0.714286,247.115,0.714286,55.4207,0.714286,20.036
0.715,140.002,0.715,245.835,0.715,56.9042,0.715,19.5713
0.715714,139.866,0.715714,244.534,0.715714,58.3983,0.715714,19.1415
0.716429,139.698,0.716429,243.216,0.716429,59.901,0.716429,18.7427
0.717143,139.498,0.717143,241.881,0.717143,61.4105,0.717143,18.3714
0.717857,139.268,0.717857,240.53,0.717857,62.9255,0.717857,18.0244
0.718571,139.01,0.718571,239.167,0.718571,64.4447,0.718571,17.6988
0.719286,138.726,0.719286,237.791,0.719286,65.967,0.719286,17.3921
0.72,138.418,0.72,236.406,0.72,67.4918,0.72,17.1018
0.720714,138.086,0.720714,235.012,0.720714,69.0016,0.720714,16.8234
0.721429,137.733,0.721429,233.611,0.721429,70.5196,0.721429,16.5632
0.722143,137.359,0.722143,232.205,0.722143,72.0406,0.722143,16.3165
0.722857,136.967,0.722857,230.795,0.722857,73.5639,0.722857,16.0792
0.723571,136.559,0.723571,229.383,0.723571,75.0893,0.723571,15.8499
0.724286,136.134,0.724286,227.969,0.724286,76.6166,0.724286,15.6277
0.725,135.695,0.725,226.556,0.725,78.1457,0.725,15.4118
0.725714,135.244,0.725714,225.144,0.725714,79.6767,0.725714,15.2017
0.726429,134.78,0.726429,223.734,0.726429,81.2097,0.726429,14.9969
0.727143,134.306,0.727143,222.327,0.727143,82.7448,0.727143,14.7971
0.727857,133.822,0.727857,220.925,0.727857,84.2821,0.727857,14.6019
0.728571,133.33,0.728571,219.527,0.728571,85.8219,0.728571,14.4113
0.729286,132.831,0.729286,218.135,0.729286,87.3643,0.729286,14.2249
0.73,132.324,0.73,216.75,0.73,88.9095,0.73,14.0428
0.730714,131.881,0.730714,215.634,0.730714,90.4578,0.730714,13.8647
0.731429,131.38,0.731429,214.669,0.731429,92.0092,0.731429,13.6907
0.732143,130.779,0.732143,213.794,0.732143,93.564,0.732143,13.5207
0.732857,130.081,0.732857,212.979,0.732857,95.1222,0.732857,13.3545
0.733571,129.282,0.733571,212.21,0.733571,96.684,0.733571,13.1922
0.734286,128.393,0.734286,211.476,0.734286,98.2494,0.734286,13.0336
0.735,127.423,0.735,210.766,0.735,99.8184,0.735,12.8788
0.735714,126.384,0.735714,210.071,0.735714,101.391,0.735714,12.7276
0.736429,125.288,0.736429,209.385,0.736429,102.967,0.736429,12.58
0.737143,124.187,0.737143,208.641,0.737143,104.546,0.737143,12.4358
0.737857,123.046,0.737857,207.905,0.737857,106.129,0.737857,12.2949
0.738571,121.872,0.738571,207.173,0.738571,107.715,0.738571,12.1571
0.739286,120.671,0.739286,206.442,0.739286,109.303,0.739286,12.0225
0.74,119.452,0.74,205.71,0.74,110.894,0.74,11.8907
0.740714,118.22,0.740714,204.978,0.740714,112.488,0.740714,11.7615
0.741429,116.981,0.741429,204.245,0.741429,114.091,0.741429,11.6293
0.742143,115.74,0.742143,203.512,0.742143,115.693,0.742143,11.4986
0.742857,114.5,0.742857,202.78,0.742857,117.295,0.742857,11.3715
0.743571,113.266,0.743571,202.052,0.743571,118.896,0.743571,11.2473
0.744286,112.04,0.744286,201.327,0.744286,120.496,0.744286,11.1258
0.745,110.824,0.745,200.609,0.745,122.095,0.745,11.0065
0.745714,109.622,0.745714,199.9,0.745714,123.691,0.745714,10.889
0.746429,108.433,0.746429,199.199,0.746429,125.286,0.746429,10.7731
0.747143,107.26,0.747143,198.511,0.747143,126.877,0.747143,10.6583
0.747857,106.103,0.747857,197.835,0.747857,128.466,0.747857,10.5443
0.748571,104.963,0.748571,197.174,0.748571,130.051,0.748571,10.4309
0.749286,103.84,0.749286,196.529,0.749286,131.631,0.749286,10.3178
0.75,102.736,0.75,195.901,0.75,133.059,0.75,10.6653
0.750714,101.649,0.750714,195.29,0.750714,134.236,0.750714,11.6022
0.751429,100.58,0.751429,194.698,0.751429,135.429,0.751429,12.4307
0.752143,99.5312,0.752143,194.118,0.752143,136.644,0.752143,13.1653
0.752857,98.5008,0.752857,193.56,0.752857,137.96,0.752857,13.8771
0.753571,97.4857,0.753571,193.035,0.753571,139.324,0.753571,14.5318
0.754286,96.4868,0.754286,192.528,0.754286,140.707,0.754286,15.1153
0.755,95.5053,0.755,192.039,0.755,142.098,0.755,15.6344
0.755714,94.5413,0.755714,191.57,0.755714,143.492,0.755714,16.097
0.756429,93.5945,0.756429,191.12,0.756429,144.884,0.756429,16.5107
0.757143,92.6649,0.757143,190.689,0.757143,146.268,0.757143,16.8824
0.757857,91.7523,0.757857,190.277,0.757857,147.642,0.757857,17.2181
0.758571,90.8565,0.758571,189.884,0.758571,149.002,0.758571,17.5234
0.759286,89.9775,0.759286,189.51,0.759286,150.345,0.759286,17.803
0.76,89.1152,0.76,189.154,0.76,151.669,0.76,18.0607
0.760714,88.2695,0.760714,188.816,0.760714,152.973,0.760714,18.3001
0.761429,87.4406,0.761429,188.496,0.761429,154.257,0.761429,18.524
0.762143,86.6283,0.762143,188.194,0.762143,155.518,0.762143,18.7346
0.762857,85.833,0.762857,187.91,0.762857,156.757,0.762857,18.934
0.763571,85.0546,0.763571,187.643,0.763571,157.974,0.763571,19.1234
0.764286,84.2934,0.764286,187.394,0.764286,159.17,0.764286,19.304
0.765,83.5496,0.765,187.162,0.765,160.285,0.765,19.418
0.765714,82.8234,0.765714,186.948,0.765714,161.348,0.765714,19.4951
0.766429,82.1151,0.766429,186.751,0.766429,162.377,0.766429,19.5524
0.767143,81.4251,0.767143,186.571,0.767143,163.381,0.767143,19.5972
0.767857,80.7537,0.767857,186.408,0.767857,164.362,0.767857,19.6329
0.768571,80.1012,0.768571,186.263,0.768571,165.322,0.768571,19.6605
0.769286,79.4681,0.769286,186.136,0.769286,166.264,0.769286,19.6807
0.77,78.8547,0.77,186.027,0.77,167.187,0.77,19.6936
0.770714,78.2616,0.770714,185.936,0.770714,168.092,0.770714,19.699
0.771429,77.6891,0.771429,185.863,0.771429,168.979,0.771429,19.6966
0.772143,77.1377,0.772143,185.808,0.772143,169.849,0.772143,19.6864
0.772857,76.6079,0.772857,185.772,0.772857,170.701,0.772857,19.6678
0.773571,76.1001,0.773571,185.754,0.773571,171.535,0.773571,19.6407
0.774286,75.6149,0.774286,185.756,0.774286,172.352,0.774286,19.6046
0.775,75.1526,0.775,185.777,0.775,173.151,0.775,19.5593
0.775714,74.7139,0.775714,185.818,0.775714,173.932,0.775714,19.5044
0.776429,74.2991,0.776429,185.878,0.776429,174.695,0.776429,19.4397
0.777143,73.9087,0.777143,185.959,0.777143,175.439,0.777143,19.3648
0.777857,73.5433,0.777857,186.059,0.777857,176.165,0.777857,19.2794
0.778571,73.2033,0.778571,186.181,0.778571,176.871,0.778571,19.1833
0.779286,72.8891,0.779286,186.323,0.779286,177.557,0.779286,19.0763
0.78,72.6012,0.78,186.486,0.78,178.224,0.78,18.9581
0.780714,72.3401,0.780714,186.67,0.780714,178.87,0.780714,18.8284
0.781429,72.1062,0.781429,186.876,0.781429,179.495,0.781429,18.6871
0.782143,71.8999,0.782143,187.104,0.782143,180.098,0.782143,18.5339
0.782857,71.7217,0.782857,187.353,0.782857,180.679,0.782857,18.3688
0.783571,71.572,0.783571,187.624,0.783571,181.238,0.783571,18.1914
0.784286,71.4512,0.784286,187.918,0.784286,181.774,0.784286,18.0017
0.785,71.3596,0.785,188.234,0.785,182.286,0.785,17.7994
0.785714,71.2978,0.785714,188.573,0.785714,182.775,0.785714,17.5845
0.786429,71.2559,0.786429,188.92,0.786429,183.239,0.786429,17.3567
0.787143,71.2438,0.787143,189.287,0.787143,183.678,0.787143,17.116
0.787857,71.2601,0.787857,189.675,0.787857,184.093,0.787857,16.8623
0.788571,71.3088,0.788571,190.088,0.788571,184.485,0.788571,16.5998
0.789286,71.3896,0.789286,190.526,0.789286,184.865,0.789286,16.337
0.79,71.5059,0.79,190.993,0.79,185.237,0.79,16.0795
0.790714,71.6559,0.790714,191.485,0.790714,185.588,0.790714,15.8131
0.791429,71.8394,0.791429,192.002,0.791429,185.886,0.791429,15.5053
0.792143,72.0371,0.792143,192.525,0.792143,186.147,0.792143,15.1754
0.792857,72.2652,0.792857,193.07,0.792857,186.376,0.792857,14.8283
0.793571,72.5248,0.793571,193.637,0.793571,186.576,0.793571,14.4659
0.794286,72.8163,0.794286,194.228,0.794286,186.745,0.794286,14.0889
0.795,73.14,0.795,194.841,0.795,186.886,0.795,13.6977
0.795714,73.4962,0.795714,195.476,0.795714,186.997,0.795714,13.2923
0.796429,73.8852,0.796429,196.135,0.796429,187.077,0.796429,12.8728
0.797143,74.3073,0.797143,196.816,0.797143,187.128,0.797143,12.4391
0.797857,74.7626,0.797857,197.52,0.797857,187.148,0.797857,11.9912
0.798571,75.2515,0.798571,198.248,0.798571,187.138,0.798571,11.5289
0.799286,75.7742,0.799286,198.998,0.799286,187.096,0.799286,11.0523
0.8,76.3309,0.8,199.771,0.8,187.024,0.8,10.5613
0.800714,76.92,0.800714,200.566,0.800714,186.919,0.800714,10.054
0.801429,65.8173,0.801429,189.441,0.801429,217.614,0.801429,40.5955
0.802143,61.4296,0.802143,185.966,0.802143,227.12,0.802143,48.8102
0.802857,59.03,0.802857,184.505,0.802857,231.901,0.802857,52.2256
0.803571,57.4192,0.803571,183.688,0.803571,234.606,0.803571,53.7159
0.804286,56.2518,0.804286,183.135,0.804286,236.18,0.804286,54.2749
0.805,55.4034,0.805,182.731,0.805,237.09,0.805,54.3687
0.805714,54.8147,0.805714,182.434,0.805714,237.587,0.805714,54.2286
0.806429,54.4493,0.806429,182.231,0.806429,237.809,0.806429,53.9718
0.807143,54.2814,0.807143,182.12,0.807143,237.842,0.807143,53.6604
0.807857,54.2914,0.807857,182.103,0.807857,237.739,0.807857,53.3251
0.808571,54.4631,0.808571,182.182,0.808571,237.754,0.808571,53.2438
0.809286,54.7825,0.809286,182.362,0.809286,238.207,0.809286,53.6648
0.81,55.2372,0.81,182.644,0.81,238.637,0.81,54.1052
0.810714,55.8157,0.810714,183.03,0.810714,238.76,0.810714,54.2747
0.811429,56.4482,0.811429,183.594,0.811429,238.591,0.811429,54.1802
0.812143,57.1276,0.812143,184.226,0.812143,238.275,0.812143,53.9578
0.812857,57.9286,0.812857,184.963,0.812857,237.887,0.812857,53.6711
0.813571,58.769,0.813571,185.73,0.813571,237.561,0.813571,53.4303
0.814286,59.675,0.814286,186.561,0.814286,237.146,0.814286,53.0955
0.815,60.6586,0.815,187.473,0.815,236.698,0.815,52.7184
0.815714,61.7104,0.815714,188.458,0.815714,236.23,0.815714,52.3108
0.816429,62.8226,0.816429,189.51,0.816429,235.75,0.816429,51.8764
0.817143,63.9881,0.817143,190.624,0.817143,235.259,0.817143,51.4164
0.817857,65.2004,0.817857,191.795,0.817857,234.758,0.817857,50.9314
0.818571,66.4746,0.818571,193.038,0.818571,234.248,0.818571,50.4212
0.819286,67.8299,0.819286,194.371,0.819286,233.728,0.819286,49.8861
0.82,69.2367,0.82,195.766,0.82,233.197,0.82,49.3259
0.820714,70.6792,0.820714,197.205,0.820714,232.656,0.820714,48.741
0.821429,72.1486,0.821429,198.68,0.821429,232.104,0.821429,48.1316
0.822143,73.6394,0.822143,200.184,0.822143,231.539,0.822143,47.4981
0.822857,75.1519,0.822857,201.709,0.822857,230.962,0.822857,46.8411
0.823571,76.6909,0.823571,203.241,0.823571,230.371,0.823571,46.161
0.824286,78.2479,0.824286,204.789,0.824286,229.767,0.824286,45.4586
0.825,79.82,0.825,206.352,0.825,229.148,0.825,44.7346
0.825714,81.4056,0.825714,207.928,0.825714,228.515,0.825714,43.9896
0.826429,83.0038,0.826429,209.517,0.826429,227.869,0.826429,43.2264
0.827143,84.6133,0.827143,211.118,0.827143,227.209,0.827143,42.4443
0.827857,86.2336,0.827857,212.729,0.827857,226.534,0.827857,41.644
0.828571,87.8643,0.828571,214.351,0.828571,225.843,0.828571,40.8259
0.829286,89.505,0.829286,215.982,0.829286,225.139,0.829286,39.991
0.83,91.1551,0.83,217.624,0.83,224.419,0.83,39.1399
0.830714,92.8144,0.830714,219.275,0.830714,223.684,0.830714,38.2735
0.831429,94.4825,0.831429,220.935,0.831429,222.935,0.831429,37.3925
0.832143,96.1594,0.832143,222.604,0.832143,222.172,0.832143,36.4977
0.832857,97.8446,0.832857,224.282,0.832857,221.395,0.832857,35.5897
0.833571,99.5379,0.833571,225.968,0.833571,220.604,0.833571,34.6693
0.834286,101.239,0.834286,227.661,0.834286,219.8,0.834286,33.7373
0.835,102.946,0.835,229.364,0.835,218.982,0.835,32.7942
0.835714,104.661,0.835714,231.072,0.835714,218.152,0.835714,31.8407
0.836429,106.384,0.836429,232.787,0.836429,217.309,0.836429,30.8774
0.837143,108.112,0.837143,234.507,0.837143,216.453,0.837143,29.905
0.837857,109.846,0.837857,236.233,0.837857,215.586,0.837857,28.924
0.838571,111.586,0.838571,237.964,0.838571,214.707,0.838571,27.9349
0.839286,113.33,0.839286,239.699,0.839286,213.817,0.839286,26.9384
0.84,115.078,0.84,241.437,0.84,212.916,0.84,25.935
0.840714,116.829,0.840714,243.179,0.840714,212.004,0.840714,24.925
0.841429,118.583,0.841429,244.923,0.841429,211.081,0.841429,23.9091
0.842143,120.34,0.842143,246.669,0.842143,210.15,0.842143,22.8881
0.842857,122.097,0.842857,248.416,0.842857,209.207,0.842857,21.8605
0.843571,123.855,0.843571,250.163,0.843571,208.254,0.843571,20.8287
0.844286,125.613,0.844286,251.909,0.844286,207.293,0.844286,19.7929
0.845,127.371,0.845,253.653,0.845,206.323,0.845,18.7534
0.845714,129.127,0.845714,255.395,0.845714,205.345,0.845714,17.7105
0.846429,130.88,0.846429,257.135,0.846429,204.358,0.846429,16.6648
0.847143,132.63,0.847143,258.871,0.847143,203.364,0.847143,15.6166
0.847857,134.376,0.847857,260.603,0.847857,202.362,0.847857,14.5662
0.848571,136.118,0.848571,262.33,0.848571,201.353,0.848571,13.5142
0.849286,137.854,0.849286,264.05,0.849286,200.338,0.849286,12.461
0.85,139.59,0.85,265.757,0.85,199.316,0.85,11.4068
0.850714,141.331,0.850714,267.442,0.850714,198.288,0.850714,10.3521
0.851429,143.076,0.851429,269.107,0.851429,197.255,0.851429,9.29741
0.852143,144.822,0.852143,270.752,0.852143,196.216,0.852143,8.24298
0.852857,146.57,0.852857,272.376,0.852857,195.173,0.852857,7.18926
0.853571,148.318,0.853571,273.98,0.853571,194.125,0.853571,6.13665
0.854286,150.064,0.854286,275.564,0.854286,193.074,0.854286,5.08555
0.855,151.808,0.855,277.127,0.855,192.019,0.855,4.03637
0.855714,153.549,0.855714,278.67,0.855714,190.96,0.855714,2.98951
0.856429,155.286,0.856429,280.191,0.856429,189.899,0.856429,1.94538
0.857143,157.017,0.857143,281.692,0.857143,188.836,0.857143,0.904405
0.857857,158.741,0.857857,283.171,0.857857,187.727,0.857857,0
0.858571,160.458,0.858571,284.629,0.858571,186.307,0.858571,0
0.859286,162.167,0.859286,286.064,0.859286,184.751,0.859286,0
0.86,163.862,0.86,287.472,0.86,183.121,0.86,0
0.860714,165.552,0.860714,288.863,0.860714,181.446,0.860714,0
0.861429,167.232,0.861429,290.23,0.861429,179.728,0.861429,0
0.862143,168.899,0.862143,291.573,0.862143,177.978,0.862143,0
0.862857,170.555,0.862857,292.892,0.862857,176.203,0.862857,0
0.863571,172.197,0.863571,294.186,0.863571,174.407,0.863571,0
0.864286,173.826,0.864286,295.454,0.864286,172.591,0.864286,0
0.865,175.439,0.865,296.695,0.865,170.754,0.865,0
0.865714,177.038,0.865714,297.91,0.865714,168.902,0.865714,0
0.866429,178.621,0.866429,299.096,0.866429,167.038,0.866429,0
0.867143,180.187,0.867143,300.255,0.867143,165.164,0.867143,0
0.867857,181.737,0.867857,301.384,0.867857,163.282,0.867857,0
0.868571,183.268,0.868571,302.483,0.868571,161.395,0.868571,0
0.869286,184.782,0.869286,303.552,0.869286,159.504,0.869286,0
0.87,186.276,0.87,304.59,0.87,157.613,0.87,0
0.870714,187.751,0.870714,305.595,0.870714,155.723,0.870714,0
0.871429,189.206,0.871429,306.568,0.871429,153.836,0.871429,0
0.872143,190.64,0.872143,307.508,0.872143,151.954,0.872143,0
0.872857,192.054,0.872857,308.414,0.872857,150.079,0.872857,0
0.873571,193.445,0.873571,309.286,0.873571,148.215,0.873571,0
0.874286,194.815,0.874286,310.122,0.874286,146.361,0.874286,0
0.875,196.161,0.875,310.922,0.875,144.521,0.875,0
0.875714,197.485,0.875714,311.686,0.875714,142.697,0.875714,0
0.876429,198.784,0.876429,312.413,0.876429,140.889,0.876429,0
0.877143,200.059,0.877143,313.103,0.877143,139.101,0.877143,0
0.877857,201.309,0.877857,313.754,0.877857,137.333,0.877857,0
0.878571,202.533,0.878571,314.366,0.878571,135.588,0.878571,0
0.879286,203.731,0.879286,314.938,0.879286,133.867,0.879286,0
0.88,204.903,0.88,315.471,0.88,132.172,0.88,0
0.880714,206.047,0.880714,315.963,0.880714,130.504,0.880714,0
0.881429,207.164,0.881429,316.413,0.881429,128.865,0.881429,0
0.882143,208.252,0.882143,316.822,0.882143,127.256,0.882143,0
0.882857,209.312,0.882857,317.188,0.882857,125.678,0.882857,0
0.883571,210.342,0.883571,317.511,0.883571,124.134,0.883571,0
0.884286,211.342,0.884286,317.79,0.884286,122.623,0.884286,0
0.885,212.312,0.885,318.025,0.885,121.148,0.885,0
0.885714,213.251,0.885714,318.215,0.885714,119.709,0.885714,0
0.886429,214.158,0.886429,318.36,0.886429,118.308,0.886429,0
0.887143,215.031,0.887143,318.479,0.887143,116.945,0.887143,0
0.887857,215.863,0.887857,318.622,0.887857,115.618,0.887857,0
0.888571,216.649,0.888571,318.694,0.888571,114.33,0.888571,0
0.889286,217.4,0.889286,318.705,0.889286,113.081,0.889286,0
0.89,218.118,0.89,318.66,0.89,111.875,0.89,0
0.890714,218.803,0.890714,318.558,0.890714,110.712,0.890714,0
0.891429,219.456,0.891429,318.4,0.891429,109.593,0.891429,0
0.892143,220.075,0.892143,318.187,0.892143,108.519,0.892143,0
0.892857,220.661,0.892857,317.917,0.892857,107.492,0.892857,0
0.893571,221.214,0.893571,317.605,0.893571,106.511,0.893571,0
0.894286,221.728,0.894286,317.233,0.894286,105.579,0.894286,0
0.895,222.205,0.895,316.804,0.895,104.696,0.895,0
0.895714,222.645,0.895714,316.319,0.895714,103.862,0.895714,0
0.896429,223.046,0.896429,315.778,0.896429,103.08,0.896429,0
0.897143,223.408,0.897143,315.18,0.897143,102.349,0.897143,0
0.897857,223.732,0.897857,314.526,0.897857,101.672,0.897857,0
0.898571,224.023,0.898571,313.829,0.898571,101.048,0.898571,0
0.899286,224.269,0.899286,313.07,0.899286,100.481,0.899286,0
0.9,224.472,0.9,312.253,0.9,99.9694,0.9,0
0.900714,224.639,0.900714,311.38,0.900714,99.5179,0.900714,0
0.901429,224.773,0.901429,310.455,0.901429,99.1283,0.901429,0
0.902143,224.869,0.902143,309.484,0.902143,98.8111,0.902143,0
0.902857,224.917,0.902857,308.459,0.902857,98.6174,0.902857,0
0.903571,224.916,0.903571,307.386,0.903571,98.4739,0.903571,0
0.904286,224.866,0.904286,306.266,0.904286,98.1403,0.904286,0
0.905,224.772,0.905,305.108,0.905,97.8881,0.905,0
0.905714,224.647,0.905714,303.929,0.905714,97.809,0.905714,0
0.906429,224.476,0.906429,302.711,0.906429,97.8308,0.906429,0
0.907143,224.257,0.907143,301.457,0.907143,97.9297,0.907143,0
0.907857,223.997,0.907857,300.172,0.907857,98.0455,0.907857,0.147953
0.908571,223.694,0.908571,298.855,0.908571,98.1295,0.908571,0.510023
0.909286,223.349,0.909286,297.507,0.909286,98.2281,0.909286,0.873243
0.91,222.965,0.91,296.131,0.91,98.3698,0.91,1.20315
0.910714,222.544,0.910714,294.728,0.910714,98.5608,0.910714,1.53072
0.911429,222.088,0.911429,293.302,0.911429,98.8012,0.911429,1.87183
0.912143,221.602,0.912143,291.855,0.912143,99.0876,0.912143,2.22553
0.912857,221.086,0.912857,290.39,0.912857,99.4198,0.912857,2.5894
0.913571,220.544,0.913571,288.906,0.913571,99.7975,0.913571,2.96291
0.914286,220.006,0.914286,287.405,0.914286,100.221,0.914286,3.34591
0.915,219.4,0.915,285.846,0.915,100.689,0.915,3.73835
0.915714,218.748,0.915714,284.249,0.915714,101.201,0.915714,4.13614
0.916429,218.059,0.916429,282.625,0.916429,101.682,0.916429,4.4614
0.917143,217.34,0.917143,280.978,0.917143,102.153,0.917143,4.73241
0.917857,216.594,0.917857,279.31,0.917857,102.64,0.917857,4.99499
0.918571,215.824,0.918571,277.624,0.918571,103.149,0.918571,5.26752
0.919286,215.032,0.919286,275.918,0.919286,103.684,0.919286,5.55201
0.92,214.218,0.92,274.195,0.92,104.246,0.92,5.84731
0.920714,213.384,0.920714,272.454,0.920714,104.835,0.920714,6.15243
0.921429,212.53,0.921429,270.695,0.921429,105.453,0.921429,6.46658
0.922143,211.657,0.922143,268.918,0.922143,106.1,0.922143,6.78912
0.922857,210.765,0.922857,267.124,0.922857,106.776,0.922857,7.11954
0.923571,209.856,0.923571,265.311,0.923571,107.483,0.923571,7.45739
0.924286,208.929,0.924286,263.48,0.924286,108.22,0.924286,7.80228
0.925,207.985,0.925,261.632,0.925,108.987,0.925,8.15386
0.925714,207.024,0.925714,259.766,0.925714,109.81,0.925714,8.53756
0.926429,206.048,0.926429,257.883,0.926429,110.75,0.926429,9.01691
0.927143,205.056,0.927143,255.984,0.927143,111.775,0.927143,9.56225
0.927857,204.049,0.927857,254.067,0.927857,112.867,0.927857,10.1331
0.928571,203.028,0.928571,252.135,0.928571,114.015,0.928571,10.7118
0.929286,201.993,0.929286,250.188,0.929286,115.215,0.929286,11.2918
0.93,200.945,0.93,248.225,0.93,116.461,0.93,11.8706
0.930714,199.884,0.930714,246.248,0.930714,117.751,0.930714,12.4477
0.931429,198.81,0.931429,244.257,0.931429,119.084,0.931429,13.0231
0.932143,197.725,0.932143,242.252,0.932143,120.457,0.932143,13.5969
0.932857,196.629,0.932857,240.234,0.932857,121.869,0.932857,14.1693
0.933571,195.521,0.933571,238.203,0.933571,123.318,0.933571,14.7403
0.934286,194.404,0.934286,236.161,0.934286,124.804,0.934286,15.31
0.935,193.278,0.935,234.107,0.935,126.325,0.935,15.8782
0.935714,192.142,0.935714,232.041,0.935714,127.88,0.935714,16.4448
0.936429,190.998,0.936429,229.965,0.936429,129.47,0.936429,17.0095
0.937143,189.847,0.937143,227.879,0.937143,131.092,0.937143,17.5721
0.937857,188.687,0.937857,225.783,0.937857,132.747,0.937857,18.1322
0.938571,187.521,0.938571,223.678,0.938571,134.433,0.938571,18.6897
0.939286,186.349,0.939286,221.564,0.939286,136.151,0.939286,19.2441
0.94,185.171,0.94,219.442,0.94,137.898,0.94,19.7952
0.940714,183.987,0.940714,217.312,0.940714,139.675,0.940714,20.3426
0.941429,182.799,0.941429,215.174,0.941429,141.482,0.941429,20.8859
0.942143,181.607,0.942143,213.029,0.942143,143.316,0.942143,21.425
0.942857,180.411,0.942857,210.878,0.942857,145.179,0.942857,21.9594
0.943571,179.212,0.943571,208.72,0.943571,147.068,0.943571,22.4889
0.944286,178.01,0.944286,206.556,0.944286,148.984,0.944286,23.0132
0.945,176.806,0.945,204.386,0.945,150.926,0.945,23.532
0.945714,175.598,0.945714,202.209,0.945714,152.892,0.945714,24.0451
0.946429,174.391,0.946429,200.03,0.946429,154.883,0.946429,24.5521
0.947143,173.182,0.947143,197.846,0.947143,156.898,0.947143,25.0528
0.947857,171.974,0.947857,195.658,0.947857,158.935,0.947857,25.5471
0.948571,170.766,0.948571,193.467,0.948571,160.995,0.948571,26.0347
0.949286,169.558,0.949286,191.272,0.949286,163.076,0.949286,26.5154
0.95,168.352,0.95,189.074,0.95,165.177,0.95,26.9889
0.950714,167.149,0.950714,186.873,0.950714,167.266,0.950714,27.4233
0.951429,165.948,0.951429,184.67,0.951429,169.152,0.951429,27.6246
0.952143,164.75,0.952143,182.465,0.952143,171.107,0.952143,27.8462
0.952857,163.556,0.952857,180.259,0.952857,173.139,0.952857,28.1813
0.953571,162.366,0.953571,178.051,0.953571,175.233,0.953571,28.5871
0.954286,161.181,0.954286,175.841,0.954286,177.372,0.954286,29.0261
0.955,160.002,0.955,173.632,0.955,179.546,0.955,29.4755
0.955714,158.828,0.955714,171.421,0.955714,181.748,0.955714,29.9224
0.956429,157.661,0.956429,169.211,0.956429,183.971,0.956429,30.36
0.957143,156.502,0.957143,167.002,0.957143,186.212,0.957143,30.7853
0.957857,155.349,0.957857,164.792,0.957857,188.468,0.957857,31.1971
0.958571,154.205,0.958571,162.584,0.958571,190.737,0.958571,31.5952
0.959286,153.07,0.959286,160.378,0.959286,193.017,0.959286,31.9801
0.96,151.943,0.96,158.173,0.96,194.952,0.96,33.4504
0.960714,150.827,0.960714,155.97,0.960714,196.118,0.960714,36.832
0.961429,149.72,0.961429,153.77,0.961429,197.092,0.961429,39.6997
0.962143,148.624,0.962143,151.572,0.962143,198.03,0.962143,42.2506
0.962857,147.54,0.962857,149.378,0.962857,198.978,0.962857,44.5682
0.963571,146.467,0.963571,147.187,0.963571,199.95,0.963571,46.7014
0.964286,145.406,0.964286,145,0.964286,200.95,0.964286,48.6848
0.965,144.358,0.965,142.818,0.965,201.978,0.965,50.5458
0.965714,143.323,0.965714,140.64,0.965714,203.032,0.965714,52.3064
0.966429,142.302,0.966429,138.466,0.966429,204.107,0.966429,53.9848
0.967143,141.294,0.967143,136.298,0.967143,205.199,0.967143,55.5964
0.967857,140.302,0.967857,134.137,0.967857,206.304,0.967857,57.1538
0.968571,139.323,0.968571,131.982,0.968571,207.417,0.968571,58.668
0.969286,138.36,0.969286,129.834,0.969286,208.533,0.969286,60.1481
0.97,137.412,0.97,127.693,0.97,209.649,0.97,61.6018
0.970714,136.482,0.970714,125.56,0.970714,210.76,0.970714,63.0356
0.971429,135.568,0.971429,123.435,0.971429,211.863,0.971429,64.4548
0.972143,134.671,0.972143,121.319,0.972143,212.955,0.972143,65.864
0.972857,133.793,0.972857,119.212,0.972857,214.033,0.972857,67.2668
0.973571,132.932,0.973571,117.114,0.973571,215.093,0.973571,68.6653
0.974286,132.09,0.974286,115.026,0.974286,216.134,0.974286,70.0621
0.975,131.267,0.975,112.948,0.975,217.154,0.975,71.4593
0.975714,130.463,0.975714,110.881,0.975714,218.152,0.975714,72.8582
0.976429,129.68,0.976429,108.823,0.976429,219.126,0.976429,74.2596
0.977143,128.918,0.977143,106.777,0.977143,220.074,0.977143,75.664
0.977857,128.177,0.977857,104.741,0.977857,220.997,0.977857,77.0715
0.978571,127.458,0.978571,102.717,0.978571,221.893,0.978571,78.4819
0.979286,126.761,0.979286,100.704,0.979286,222.761,0.979286,79.8948
0.98,126.087,0.98,98.7026,0.98,223.601,0.98,81.3096
0.980714,125.436,0.980714,96.7135,0.980714,224.413,0.980714,82.7256
0.981429,124.808,0.981429,94.7368,0.981429,225.195,0.981429,84.1419
0.982143,124.205,0.982143,92.7727,0.982143,225.949,0.982143,85.5575
0.982857,123.626,0.982857,90.8218,0.982857,226.674,0.982857,86.9714
0.983571,123.071,0.983571,88.8842,0.983571,227.368,0.983571,88.3825
0.984286,122.542,0.984286,86.9604,0.984286,228.034,0.984286,89.7895
0.985,122.039,0.985,85.0507,0.985,228.67,0.985,91.1915
0.985714,121.562,0.985714,83.1554,0.985714,229.276,0.985714,92.5872
0.986429,121.112,0.986429,81.275,0.986429,229.852,0.986429,93.9755
0.987143,120.688,0.987143,79.4097,0.987143,230.399,0.987143,95.3552
0.987857,120.294,0.987857,77.5583,0.987857,230.914,0.987857,96.7267
0.988571,119.929,0.988571,75.721,0.988571,231.397,0.988571,98.0891
0.989286,119.594,0.989286,73.8984,0.989286,231.849,0.989286,99.4411
0.99,119.289,0.99,72.091,0.99,232.269,0.99,100.782
0.990714,119.014,0.990714,70.2995,0.990714,232.658,0.990714,102.11
0.991429,118.77,0.991429,68.5243,0.991429,233.015,0.991429,103.424
0.992143,118.557,0.992143,66.7659,0.992143,233.34,0.992143,104.724
0.992857,118.376,0.992857,65.025,0.992857,233.633,0.992857,106.008
0.993571,118.226,0.993571,63.3021,0.993571,233.895,0.993571,107.276
0.994286,118.108,0.994286,61.5976,0.994286,234.153,0.994286,108.534
0.995,118.022,0.995,59.9121,0.995,234.364,0.995,109.762
0.995714,117.968,0.995714,58.2461,0.995714,234.538,0.995714,110.969
0.996429,117.948,0.996429,56.6001,0.996429,234.676,0.996429,112.155
0.997143,117.96,0.997143,54.9745,0.997143,234.781,0.997143,113.321
0.997857,118.001,0.997857,53.3688,0.997857,234.85,0.997857,114.467
0.998571,118.075,0.998571,51.785,0.998571,234.886,0.998571,115.591
0.999286,118.185,0.999286,50.2237,0.999286,234.886,0.999286,116.693
1,118.33,1,48.6846,1,234.851,1,117.773
