phi,back_left,phi,back_right,phi,front_left,phi,front_right,
0,0,0,0,0,0,0,0
0.000714286,0,0.000714286,0,0.000714286,0,0.000714286,0
0.00142857,0,0.00142857,0,0.00142857,0,0.00142857,0
0.00214286,0,0.00214286,0,0.00214286,0,0.00214286,0
0.00285714,0,0.00285714,0,0.00285714,0,0.00285714,0
0.00357143,0,0.00357143,0,0.00357143,0,0.00357143,0
0.00428571,0,0.00428571,0,0.00428571,0,0.00428571,0
0.005,0,0.005,0,0.005,0,0.005,0
0.00571429,0,0.00571429,0,0.00571429,0,0.00571429,0
0.00642857,0,0.00642857,0,0.00642857,0,0.00642857,0
0.00714286,0,0.00714286,0,0.00714286,0,0.00714286,0
0.00785714,0,0.00785714,0,0.00785714,0,0.00785714,0
0.00857143,0,0.00857143,0,0.00857143,0,0.00857143,0
0.00928571,0,0.00928571,0,0.00928571,0,0.00928571,0
0.01,0,0.01,0,0.01,0,0.01,0
0.0107143,0,0.0107143,0,0.0107143,0,0.0107143,0
0.0114286,0,0.0114286,0,0.0114286,0,0.0114286,0
0.0121429,0,0.0121429,0,0.0121429,0,0.0121429,0
0.0128571,0,0.0128571,0,0.0128571,0,0.0128571,0
0.0135714,0,0.0135714,0,0.0135714,0,0.0135714,0
0.0142857,0,0.0142857,0,0.0142857,0,0.0142857,0
0.015,0,0.015,0,0.015,0,0.015,0
0.0157143,0,0.0157143,0,0.0157143,0,0.0157143,0
0.0164286,0,0.0164286,0,0.0164286,0,0.0164286,0
0.0171429,0,0.0171429,0,0.0171429,0,0.0171429,0
0.0178571,0,0.0178571,0,0.0178571,0,0.0178571,0
0.0185714,0,0.0185714,0,0.0185714,0,0.0185714,0
0.0192857,0,0.0192857,0,0.0192857,0,0.0192857,0
0.02,0,0.02,0,0.02,0,0.02,0
0.0207143,0,0.0207143,0,0.0207143,0,0.0207143,0
0.0214286,0,0.0214286,0,0.0214286,0,0.0214286,0
0.0221429,0,0.0221429,0,0.0221429,0,0.0221429,0
0.0228571,0,0.0228571,0,0.0228571,0,0.0228571,0
0.0235714,0,0.0235714,0,0.0235714,0,0.0235714,0
0.0242857,0,0.0242857,0,0.0242857,0,0.0242857,0
0.025,0,0.025,0,0.025,0,0.025,0
0.0257143,0,0.0257143,0,0.0257143,0,0.0257143,0
0.0264286,0,0.0264286,0,0.0264286,0,0.0264286,0
0.0271429,0,0.0271429,0,0.0271429,0,0.0271429,0
0.0278571,0,0.0278571,0,0.0278571,0,0.0278571,0
0.0285714,0,0.0285714,0,0.0285714,0,0.0285714,0
0.0292857,0,0.0292857,0,0.0292857,0,0.0292857,0
0.03,0,0.03,0,0.03,0,0.03,0
0.0307143,0,0.0307143,0,0.0307143,0,0.0307143,0
0.0314286,0,0.0314286,0,0.0314286,0,0.0314286,0
0.0321429,0,0.0321429,0,0.0321429,0,0.0321429,0
0.0328571,0,0.0328571,0,0.0328571,0,0.0328571,0
0.0335714,0,0.0335714,0,0.0335714,0,0.0335714,0
0.0342857,0,0.0342857,0,0.0342857,0,0.0342857,0
0.035,0,0.035,0,0.035,0,0.035,0
0.0357143,0,0.0357143,0,0.0357143,0,0.0357143,0
0.0364286,0,0.0364286,0,0.0364286,0,0.0364286,0
0.0371429,0,0.0371429,0,0.0371429,0,0.0371429,0
0.0378571,0,0.0378571,0,0.0378571,0,0.0378571,0
0.0385714,0,0.0385714,0,0.0385714,0,0.0385714,0
0.0392857,0,0.0392857,0,0.0392857,0,0.0392857,0
0.04,0,0.04,0,0.04,0,0.04,0
0.0407143,0,0.0407143,0,0.0407143,0,0.0407143,0
0.0414286,0,0.0414286,0,0.0414286,0,0.0414286,0
0.0421429,0,0.0421429,0,0.0421429,0,0.0421429,0
0.0428571,0,0.0428571,0,0.0428571,0,0.0428571,0
0.0435714,0,0.0435714,0,0.0435714,0,0.0435714,0
0.0442857,0,0.0442857,0,0.0442857,0,0.0442857,0
0.045,0,0.045,0,0.045,0,0.045,0
0.0457143,0,0.0457143,0,0.0457143,0,0.0457143,0
0.0464286,0,0.0464286,0,0.0464286,0,0.0464286,0
0.0471429,0,0.0471429,0,0.0471429,0,0.0471429,0
0.0478571,0,0.0478571,0,0.0478571,0,0.0478571,0
0.0485714,0,0.0485714,0,0.0485714,0,0.0485714,0
0.0492857,0,0.0492857,0,0.0492857,0,0.0492857,0
0.05,0,0.05,0,0.05,0,0.05,0
0.0507143,0,0.0507143,0,0.0507143,0,0.0507143,0
0.0514286,0,0.0514286,0,0.0514286,0,0.0514286,0
0.0521429,0,0.0521429,0,0.0521429,0,0.0521429,0
0.0528571,0,0.0528571,0,0.0528571,0,0.0528571,0
0.0535714,0,0.0535714,0,0.0535714,0,0.0535714,0
0.0542857,0,0.0542857,0,0.0542857,0,0.0542857,0
0.055,0,0.055,0,0.055,0,0.055,0
0.0557143,0,0.0557143,0,0.0557143,0,0.0557143,0
0.0564286,0,0.0564286,0,0.0564286,0,0.0564286,0
0.0571429,0,0.0571429,0,0.0571429,0,0.0571429,0
0.0578571,0,0.0578571,0,0.0578571,0,0.0578571,0
0.0585714,0,0.0585714,0,0.0585714,0,0.0585714,0
0.0592857,0,0.0592857,0,0.0592857,0,0.0592857,0
0.06,0,0.06,0,0.06,0,0.06,0
0.0607143,0,0.0607143,0,0.0607143,0,0.0607143,0
0.0614286,0,0.0614286,0,0.0614286,0,0.0614286,0
0.0621429,0,0.0621429,0,0.0621429,0,0.0621429,0
0.0628571,0,0.0628571,0,0.0628571,0,0.0628571,0
0.0635714,0,0.0635714,0,0.0635714,0,0.0635714,0
0.0642857,0,0.0642857,0,0.0642857,0,0.0642857,0
0.065,0,0.065,0,0.065,0,0.065,0
0.0657143,0,0.0657143,0,0.0657143,0,0.0657143,0
0.0664286,0,0.0664286,0,0.0664286,0,0.0664286,0
0.0671429,0,0.0671429,0,0.0671429,0,0.0671429,0
0.0678571,0,0.0678571,0,0.0678571,0,0.0678571,0
0.0685714,0,0.0685714,0,0.0685714,0,0.0685714,0
0.0692857,0,0.0692857,0,0.0692857,0,0.0692857,0
0.07,0,0.07,0,0.07,0,0.07,0
0.0707143,0,0.0707143,0,0.0707143,0,0.0707143,0
0.0714286,0,0.0714286,0,0.0714286,0,0.0714286,0
0.0721429,0,0.0721429,0,0.0721429,0,0.0721429,0
0.0728571,0,0.0728571,0,0.0728571,0,0.0728571,0
0.0735714,0,0.0735714,0,0.0735714,0,0.0735714,0
0.0742857,0,0.0742857,0,0.0742857,0,0.0742857,0
0.075,0,0.075,0,0.075,0,0.075,0
0.0757143,0,0.0757143,0,0.0757143,0,0.0757143,0
0.0764286,0,0.0764286,0,0.0764286,0,0.0764286,0
0.0771429,0,0.0771429,0,0.0771429,0,0.0771429,0
0.0778571,0,0.0778571,0,0.0778571,0,0.0778571,0
0.0785714,0,0.0785714,0,0.0785714,0,0.0785714,0
0.0792857,0,0.0792857,0,0.0792857,0,0.0792857,0
0.08,0,0.08,0,0.08,0,0.08,0
0.0807143,0,0.0807143,0,0.0807143,0,0.0807143,0
0.0814286,0,0.0814286,0,0.0814286,0,0.0814286,0
0.0821429,0,0.0821429,0,0.0821429,0,0.0821429,0
0.0828571,0,0.0828571,0,0.0828571,0,0.0828571,0
0.0835714,0,0.0835714,0,0.0835714,0,0.0835714,0
0.0842857,0,0.0842857,0,0.0842857,0,0.0842857,0
0.085,0,0.085,0,0.085,0,0.085,0
0.0857143,0,0.0857143,0,0.0857143,0,0.0857143,0
0.0864286,0,0.0864286,0,0.0864286,0,0.0864286,0
0.0871429,0,0.0871429,0,0.0871429,0,0.0871429,0
0.0878571,0,0.0878571,0,0.0878571,0,0.0878571,0
0.0885714,0,0.0885714,0,0.0885714,0,0.0885714,0
0.0892857,0,0.0892857,0,0.0892857,0,0.0892857,0
0.09,0,0.09,0,0.09,0,0.09,0
0.0907143,0,0.0907143,0,0.0907143,0,0.0907143,0
0.0914286,0,0.0914286,0,0.0914286,0,0.0914286,0
0.0921429,0,0.0921429,0,0.0921429,0,0.0921429,0
0.0928571,0,0.0928571,0,0.0928571,0,0.0928571,0
0.0935714,0,0.0935714,0,0.0935714,0,0.0935714,0
0.0942857,0,0.0942857,0,0.0942857,0,0.0942857,0
0.095,0,0.095,0,0.095,0,0.095,0
0.0957143,0,0.0957143,0,0.0957143,0,0.0957143,0
0.0964286,0,0.0964286,0,0.0964286,0,0.0964286,0
0.0971429,0,0.0971429,0,0.0971429,0,0.0971429,0
0.0978571,0,0.0978571,0,0.0978571,0,0.0978571,0
0.0985714,0,0.0985714,0,0.0985714,0,0.0985714,0
0.0992857,0,0.0992857,0,0.0992857,0,0.0992857,0
0.1,0,0.1,0,0.1,0,0.1,0
0.100714,0,0.100714,0,0.100714,0,0.100714,0
0.101429,0,0.101429,0,0.101429,0,0.101429,0
0.102143,0,0.102143,0,0.102143,0,0.102143,0
0.102857,0,0.102857,0,0.102857,0,0.102857,0
0.103571,0,0.103571,0,0.103571,0,0.103571,0
0.104286,0,0.104286,0,0.104286,0,0.104286,0
0.105,0,0.105,0,0.105,0,0.105,0
0.105714,0,0.105714,0,0.105714,0,0.105714,0
0.106429,0,0.106429,0,0.106429,0,0.106429,0
0.107143,0,0.107143,0,0.107143,0,0.107143,0
0.107857,973.117,0.107857,706.537,0.107857,0,0.107857,0
0.108571,726.952,0.108571,431.83,0.108571,0,0.108571,0
0.109286,652.001,0.109286,402.515,0.109286,0,0.109286,0
0.11,600.978,0.11,381.447,0.11,0,0.11,0
0.110714,563.482,0.110714,368.975,0.110714,0,0.110714,0
0.111429,532.586,0.111429,361.516,0.111429,0,0.111429,0
0.112143,504.383,0.112143,357.503,0.112143,0,0.112143,0
0.112857,481.556,0.112857,353.289,0.112857,0,0.112857,0
0.113571,462.119,0.113571,348.412,0.113571,0,0.113571,0
0.114286,503.269,0.114286,336.483,0.114286,0,0.114286,0
0.115,533.705,0.115,320.402,0.115,0,0.115,0
0.115714,555.847,0.115714,303.996,0.115714,0,0.115714,0
0.116429,571.319,0.116429,288.815,0.116429,0,0.116429,0
0.117143,581.786,0.117143,274.979,0.117143,0,0.117143,0
0.117857,585.414,0.117857,282.328,0.117857,0,0.117857,0
0.118571,582.437,0.118571,302.158,0.118571,0,0.118571,0
0.119286,575.142,0.119286,316.754,0.119286,0,0.119286,0
0.12,565.045,0.12,327.333,0.12,0,0.12,0
0.120714,553.174,0.120714,334.756,0.120714,0,0.120714,0
0.121429,540.256,0.121429,339.648,0.121429,0,0.121429,0
0.122143,526.833,0.122143,342.486,0.122143,0,0.122143,0
0.122857,513.311,0.122857,343.648,0.122857,0,0.122857,0
0.123571,499.971,0.123571,343.442,0.123571,0,0.123571,0
0.124286,487.029,0.124286,342.147,0.124286,0,0.124286,0
0.125,474.628,0.125,339.979,0.125,0,0.125,0
0.125714,462.859,0.125714,337.122,0.125714,0,0.125714,0
0.126429,451.771,0.126429,333.731,0.126429,0,0.126429,0
0.127143,441.385,0.127143,329.937,0.127143,0,0.127143,0
0.127857,431.698,0.127857,325.856,0.127857,0,0.127857,0
0.128571,422.692,0.128571,321.581,0.128571,0,0.128571,0
0.129286,414.329,0.129286,317.192,0.129286,0,0.129286,0
0.13,406.544,0.13,312.751,0.13,0,0.13,0
0.130714,399.309,0.130714,308.31,0.130714,0,0.130714,0
0.131429,392.051,0.131429,303.866,0.131429,0,0.131429,0
0.132143,386.506,0.132143,299.528,0.132143,0,0.132143,0
0.132857,381.229,0.132857,295.419,0.132857,0,0.132857,0
0.133571,376.042,0.133571,291.365,0.133571,0,0.133571,0
0.134286,371.127,0.134286,287.259,0.134286,0,0.134286,0
0.135,366.279,0.135,283.398,0.135,0,0.135,0
0.135714,361.46,0.135714,279.703,0.135714,0,0.135714,0
0.136429,356.923,0.136429,276.006,0.136429,0,0.136429,0
0.137143,352.401,0.137143,272.556,0.137143,0,0.137143,0
0.137857,347.835,0.137857,269.262,0.137857,0,0.137857,0
0.138571,343.514,0.138571,265.961,0.138571,0,0.138571,0
0.139286,339.155,0.139286,262.894,0.139286,0,0.139286,0
0.14,334.694,0.14,259.963,0.14,0,0.14,0
0.140714,330.466,0.140714,257.014,0.140714,0,0.140714,0
0.141429,326.113,0.141429,254.277,0.141429,0,0.141429,0
0.142143,321.986,0.142143,251.523,0.142143,0,0.142143,0
0.142857,317.707,0.142857,248.964,0.142857,0,0.142857,0
0.143571,313.651,0.143571,246.376,0.143571,0,0.143571,0
0.144286,309.417,0.144286,243.969,0.144286,0,0.144286,0
0.145,305.41,0.145,241.524,0.145,0,0.145,0
0.145714,462.643,0.145714,409.424,0.145714,0,0.145714,0
0.146429,412.589,0.146429,367.749,0.146429,0,0.146429,0
0.147143,362.801,0.147143,320.4,0.147143,0,0.147143,0
0.147857,327.07,0.147857,285.172,0.147857,0,0.147857,0
0.148571,301.537,0.148571,259.443,0.148571,0,0.148571,0
0.149286,327.562,0.149286,394.818,0.149286,761.242,0.149286,0
0.15,376.53,0.15,422.502,0.15,345.636,0.15,462.06
0.150714,400.777,0.150714,331.432,0.150714,295.95,0.150714,266.322
0.151429,353.391,0.151429,298.974,0.151429,282.801,0.151429,233.666
0.152143,369.501,0.152143,218.458,0.152143,308.903,0.152143,178.193
0.152857,322.696,0.152857,198.861,0.152857,285.811,0.152857,174.632
0.153571,286.394,0.153571,177.706,0.153571,250.811,0.153571,186.538
0.154286,313.966,0.154286,111.283,0.154286,279.287,0.154286,139.176
0.155,277.141,0.155,106.031,0.155,255.097,0.155,141.682
0.155714,249.832,0.155714,97.556,0.155714,219.717,0.155714,158.87
0.156429,283.968,0.156429,41.8509,0.156429,250.879,0.156429,118.952
0.157143,252.763,0.157143,45.7695,0.157143,232.088,0.157143,130.226
0.157857,230.648,0.157857,45.6869,0.157857,201.328,0.157857,154.164
0.158571,269.023,0.158571,0,0.158571,235.767,0.158571,118.657
0.159286,241.791,0.159286,7.93462,0.159286,218.945,0.159286,132.97
0.16,274.098,0.16,0,0.16,247.276,0.16,109.698
0.160714,244.142,0.160714,0,0.160714,225.554,0.160714,129.119
0.161429,223.928,0.161429,0,0.161429,191.703,0.161429,157.785
0.162143,259.744,0.162143,0,0.162143,230.942,0.162143,125.81
0.162857,244.487,0.162857,0,0.162857,217.727,0.162857,150.832
0.163571,306.737,0.163571,0,0.163571,260.006,0.163571,132.118
0.164286,311.348,0.164286,0,0.164286,256.67,0.164286,149.551
0.165,324.644,0.165,5.34668,0.165,241.957,0.165,174.252
0.165714,394.693,0.165714,0,0.165714,322.762,0.165714,129.959
0.166429,392.484,0.166429,8.01556,0.166429,329.699,0.166429,138.993
0.167143,394.114,0.167143,31.4822,0.167143,337.453,0.167143,154.671
0.167857,451.669,0.167857,2.05007,0.167857,400.42,0.167857,108.156
0.168571,435.391,0.168571,26.0204,0.168571,394.441,0.168571,120.285
0.169286,480.604,0.169286,1.89704,0.169286,443.796,0.169286,87.3067
0.17,455.406,0.17,26.7719,0.17,428.99,0.17,104.404
0.170714,492.771,0.170714,3.98444,0.170714,469.887,0.170714,75.2888
0.171429,461.629,0.171429,28.04,0.171429,449.028,0.171429,94.7086
0.172143,493.984,0.172143,5.47648,0.172143,484.782,0.172143,67.3248
0.172857,459.219,0.172857,28.5737,0.172857,460.094,0.172857,87.7958
0.173571,488.143,0.173571,5.98196,0.173571,492.395,0.173571,61.4829
0.174286,504.319,0.174286,0,0.174286,520.752,0.174286,31.8267
0.175,461.108,0.175,15.4925,0.175,485.186,0.175,65.0203
0.175714,483.474,0.175714,0,0.175714,510.442,0.175714,44.0331
0.176429,494.162,0.176429,0,0.176429,534.091,0.176429,18.1767
0.177143,447.593,0.177143,9.47919,0.177143,493.973,0.177143,53.5017
0.177857,466.662,0.177857,0,0.177857,516.45,0.177857,34.288
0.178571,475.104,0.178571,0,0.178571,537.809,0.178571,9.50857
0.179286,479.522,0.179286,0,0.179286,552.755,0.179286,0
0.18,429.037,0.18,0,0.18,505.968,0.18,37.4013
0.180714,443.56,0.180714,0,0.180714,526.229,0.180714,16.5154
0.181429,450.64,0.181429,0,0.181429,542.926,0.181429,1.21743
0.182143,455.141,0.182143,0,0.182143,552.881,0.182143,0
0.182857,401.936,0.182857,0,0.182857,507.133,0.182857,25.5493
0.183571,414.819,0.183571,0,0.183571,527.257,0.183571,3.47523
0.184286,423.133,0.184286,0,0.184286,540.766,0.184286,0
0.185,427.704,0.185,0,0.185,550.451,0.185,0
0.185714,372.481,0.185714,0,0.185714,507.874,0.185714,14.2296
0.186429,386.268,0.186429,0,0.186429,527.174,0.186429,0
0.187143,395.983,0.187143,0,0.187143,539.15,0.187143,0
0.187857,402.225,0.187857,0,0.187857,546.75,0.187857,0
0.188571,345.725,0.188571,0,0.188571,505.769,0.188571,5.39988
0.189286,361.792,0.189286,0,0.189286,523.111,0.189286,0
0.19,372.523,0.19,0,0.19,533.853,0.19,0
0.190714,317.318,0.190714,0,0.190714,493.754,0.190714,6.58569
0.191429,334.071,0.191429,0,0.191429,511.695,0.191429,0
0.192143,344.996,0.192143,0,0.192143,522.587,0.192143,0
0.192857,288.658,0.192857,0,0.192857,483.392,0.192857,3.53728
0.193571,306.036,0.193571,0,0.193571,500.449,0.193571,0
0.194286,316.453,0.194286,0,0.194286,511.195,0.194286,0
0.195,259.331,0.195,0,0.195,473.006,0.195,0
0.195714,277.737,0.195714,0,0.195714,489.382,0.195714,0
0.196429,287.991,0.196429,0,0.196429,500.023,0.196429,0
0.197143,231.164,0.197143,0,0.197143,461.923,0.197143,0
0.197857,250.268,0.197857,0,0.197857,478.442,0.197857,0
0.198571,261.075,0.198571,0,0.198571,489.292,0.198571,0
0.199286,204.611,0.199286,0,0.199286,451.47,0.199286,0
0.2,224.754,0.2,0,0.2,468.259,0.2,0
0.200714,265.71,0.200714,0,0.200714,426.033,0.200714,0
0.201429,227.693,0.201429,0,0.201429,365.529,0.201429,0
0.202143,255.409,0.202143,0,0.202143,371.752,0.202143,0
0.202857,213.209,0.202857,0,0.202857,334.364,0.202857,0
0.203571,240.853,0.203571,0,0.203571,351.812,0.203571,0
0.204286,199.808,0.204286,0,0.204286,320.577,0.204286,0
0.205,228.947,0.205,0,0.205,340.558,0.205,0
0.205714,189.771,0.205714,0,0.205714,310.22,0.205714,0
0.206429,220.089,0.206429,0,0.206429,331.983,0.206429,0
0.207143,181.888,0.207143,0,0.207143,303.446,0.207143,0
0.207857,213.053,0.207857,0,0.207857,326.492,0.207857,0
0.208571,175.656,0.208571,0,0.208571,298.978,0.208571,0
0.209286,207.462,0.209286,0,0.209286,322.797,0.209286,0
0.21,170.652,0.21,0,0.21,295.907,0.21,0
0.210714,202.897,0.210714,0,0.210714,320.186,0.210714,0
0.211429,166.547,0.211429,0,0.211429,293.592,0.211429,0
0.212143,199.052,0.212143,0,0.212143,318.201,0.212143,0
0.212857,162.965,0.212857,0,0.212857,291.893,0.212857,0
0.213571,195.65,0.213571,0,0.213571,316.668,0.213571,0
0.214286,159.802,0.214286,0,0.214286,290.367,0.214286,0
0.215,192.585,0.215,0,0.215,315.313,0.215,0
0.215714,156.921,0.215714,0,0.215714,288.993,0.215714,0
0.216429,189.774,0.216429,0,0.216429,314.082,0.216429,0
0.217143,154.24,0.217143,0,0.217143,287.888,0.217143,0
0.217857,187.187,0.217857,0,0.217857,313.013,0.217857,0
0.218571,151.793,0.218571,0,0.218571,286.896,0.218571,0
0.219286,184.845,0.219286,0,0.219286,312.025,0.219286,0
0.22,149.602,0.22,0,0.22,285.966,0.22,0
0.220714,182.774,0.220714,0,0.220714,311.084,0.220714,0
0.221429,147.696,0.221429,0,0.221429,285.072,0.221429,0
0.222143,181,0.222143,0,0.222143,310.171,0.222143,0
0.222857,146.055,0.222857,0,0.222857,284.395,0.222857,0
0.223571,179.535,0.223571,0,0.223571,309.375,0.223571,0
0.224286,144.774,0.224286,0,0.224286,283.65,0.224286,0
0.225,178.422,0.225,0,0.225,308.556,0.225,0
0.225714,143.855,0.225714,0,0.225714,282.884,0.225714,0
0.226429,177.67,0.226429,0,0.226429,307.729,0.226429,0
0.227143,143.314,0.227143,0,0.227143,282.062,0.227143,0
0.227857,177.288,0.227857,0,0.227857,306.873,0.227857,0
0.228571,143.143,0.228571,0,0.228571,281.222,0.228571,0
0.229286,177.277,0.229286,0,0.229286,306.002,0.229286,0
0.23,143.343,0.23,0,0.23,280.367,0.23,0
0.230714,177.636,0.230714,0,0.230714,305.118,0.230714,0
0.231429,143.911,0.231429,0,0.231429,279.496,0.231429,0
0.232143,178.359,0.232143,0,0.232143,304.218,0.232143,0
0.232857,144.839,0.232857,0,0.232857,278.607,0.232857,0
0.233571,179.437,0.233571,0,0.233571,303.298,0.233571,0
0.234286,146.116,0.234286,0,0.234286,277.697,0.234286,0
0.235,180.859,0.235,0,0.235,302.357,0.235,0
0.235714,147.587,0.235714,0,0.235714,276.997,0.235714,0
0.236429,182.533,0.236429,0,0.236429,301.496,0.236429,0
0.237143,149.397,0.237143,0,0.237143,276.202,0.237143,0
0.237857,184.524,0.237857,0,0.237857,300.582,0.237857,0
0.238571,151.57,0.238571,0,0.238571,275.269,0.238571,0
0.239286,186.843,0.239286,0,0.239286,299.59,0.239286,0
0.24,154.008,0.24,0.463948,0.24,274.349,0.24,0
0.240714,189.431,0.240714,0,0.240714,298.585,0.240714,0
0.241429,156.596,0.241429,2.15597,0.241429,273.588,0.241429,0
0.242143,192.312,0.242143,0,0.242143,297.708,0.242143,0
0.242857,160.043,0.242857,4.32473,0.242857,272.894,0.242857,1.03354
0.243571,196.301,0.243571,0,0.243571,297.12,0.243571,0
0.244286,164.46,0.244286,6.92616,0.244286,272.391,0.244286,2.30649
0.245,201.023,0.245,0,0.245,296.646,0.245,0
0.245714,169.449,0.245714,9.64131,0.245714,271.924,0.245714,3.69066
0.246429,206.188,0.246429,0,0.246429,296.206,0.246429,0
0.247143,234.756,0.247143,0,0.247143,313.669,0.247143,0
0.247857,197.599,0.247857,0,0.247857,283.585,0.247857,0
0.248571,230.471,0.248571,0,0.248571,304.94,0.248571,0
0.249286,195.778,0.249286,4.29782,0.249286,278.44,0.249286,0
0.25,230.073,0.25,0,0.25,300.781,0.25,0
0.250714,196.24,0.250714,9.13378,0.250714,275.163,0.250714,1.87657
0.251429,231.224,0.251429,0,0.251429,297.838,0.251429,0
0.252143,258.146,0.252143,0,0.252143,314.103,0.252143,0
0.252857,219.652,0.252857,0,0.252857,283.174,0.252857,0
0.253571,251.27,0.253571,0,0.253571,303.645,0.253571,0
0.254286,216.075,0.254286,0,0.254286,275.471,0.254286,0
0.255,249.25,0.255,0,0.255,297.688,0.255,0
0.255714,274.712,0.255714,0,0.255714,313.415,0.255714,0
0.256429,235.538,0.256429,0,0.256429,281.925,0.256429,0
0.257143,266.021,0.257143,0,0.257143,301.975,0.257143,0
0.257857,229.992,0.257857,0,0.257857,273.546,0.257857,0
0.258571,262.386,0.258571,0,0.258571,295.363,0.258571,0
0.259286,287.192,0.259286,0,0.259286,310.785,0.259286,0
0.26,247.635,0.26,0,0.26,279.163,0.26,0
0.260714,277.694,0.260714,0,0.260714,298.979,0.260714,0
0.261429,241.09,0.261429,0,0.261429,270.926,0.261429,0
0.262143,273.267,0.262143,0,0.262143,292.41,0.262143,0
0.262857,297.916,0.262857,0,0.262857,307.574,0.262857,0
0.263571,258.105,0.263571,0,0.263571,276.292,0.263571,0
0.264286,288.132,0.264286,0,0.264286,295.823,0.264286,0
0.265,251.576,0.265,0,0.265,267.669,0.265,0
0.265714,283.712,0.265714,0,0.265714,289.001,0.265714,0
0.266429,308.298,0.266429,0,0.266429,304.08,0.266429,0
0.267143,268.527,0.267143,0,0.267143,272.845,0.267143,0
0.267857,298.526,0.267857,0,0.267857,292.323,0.267857,0
0.268571,261.997,0.268571,0,0.268571,264.239,0.268571,0
0.269286,294.088,0.269286,0,0.269286,285.533,0.269286,0
0.27,318.602,0.27,0,0.27,300.594,0.27,0
0.270714,278.85,0.270714,0,0.270714,269.443,0.270714,0
0.271429,308.785,0.271429,0,0.271429,288.948,0.271429,0
0.272143,331.627,0.272143,0,0.272143,302.801,0.272143,0
0.272857,290.573,0.272857,0,0.272857,270.865,0.272857,0
0.273571,319.304,0.273571,0,0.273571,289.671,0.273571,0
0.274286,281.782,0.274286,0,0.274286,261.181,0.274286,0
0.275,312.818,0.275,0,0.275,281.945,0.275,0
0.275714,336.344,0.275714,0,0.275714,296.594,0.275714,0
0.276429,295.918,0.276429,0,0.276429,265.28,0.276429,0
0.277143,325.098,0.277143,0,0.277143,284.455,0.277143,0
0.277857,347.245,0.277857,0,0.277857,298.062,0.277857,0
0.278571,305.79,0.278571,0,0.278571,266.105,0.278571,0
0.279286,334.012,0.279286,0,0.279286,284.703,0.279286,0
0.28,296.197,0.28,0,0.28,256.249,0.28,0
0.280714,326.811,0.280714,0,0.280714,276.848,0.280714,0
0.281429,349.928,0.281429,0,0.281429,291.402,0.281429,0
0.282143,309.355,0.282143,0,0.282143,260.199,0.282143,0
0.282857,338.244,0.282857,0,0.282857,279.276,0.282857,0
0.283571,360.089,0.283571,0,0.283571,292.844,0.283571,0
0.284286,318.578,0.284286,0,0.284286,261.046,0.284286,0
0.285,346.572,0.285,0,0.285,279.585,0.285,0
0.285714,308.698,0.285714,0,0.285714,251.295,0.285714,0
0.286429,339.064,0.286429,0,0.286429,271.832,0.286429,0
0.287143,361.903,0.287143,0,0.287143,286.375,0.287143,0
0.287857,321.288,0.287857,0,0.287857,255.356,0.287857,0
0.288571,349.946,0.288571,0,0.288571,274.387,0.288571,0
0.289286,312.73,0.289286,0,0.289286,246.611,0.289286,0
0.29,343.583,0.29,0,0.29,267.471,0.29,0
0.290714,366.81,0.290714,0,0.290714,282.31,0.290714,0
0.291429,326.632,0.291429,0,0.291429,251.642,0.291429,0
0.292143,355.573,0.292143,0,0.292143,270.879,0.292143,0
0.292857,377.335,0.292857,0,0.292857,284.639,0.292857,0
0.293571,336.028,0.293571,0,0.293571,253.3,0.293571,0
0.294286,363.877,0.294286,0,0.294286,271.921,0.294286,0
0.295,326.04,0.295,0,0.295,244.026,0.295,0
0.295714,356.086,0.295714,0,0.295714,264.574,0.295714,0
0.296429,378.495,0.296429,0,0.296429,279.185,0.296429,0
0.297143,337.782,0.297143,0,0.297143,248.52,0.297143,0
0.297857,366.011,0.297857,0,0.297857,267.528,0.297857,0
0.298571,328.661,0.298571,0,0.298571,239.964,0.298571,0
0.299286,358.948,0.299286,0,0.299286,260.815,0.299286,0
0.3,381.554,0.3,0,0.3,275.684,0.3,0
0.300714,341.168,0.300714,0,0.300714,245.367,0.300714,0
0.301429,369.634,0.301429,0,0.301429,264.583,0.301429,0
0.302143,332.596,0.302143,0,0.302143,237.303,0.302143,0
0.302857,363.059,0.302857,0,0.302857,258.279,0.302857,0
0.303571,385.788,0.303571,0,0.303571,273.255,0.303571,0
0.304286,345.594,0.304286,0,0.304286,243.089,0.304286,0
0.305,374.082,0.305,0,0.305,262.271,0.305,0
0.305714,337.109,0.305714,0,0.305714,235.049,0.305714,0
0.306429,367.502,0.306429,0,0.306429,255.946,0.306429,0
0.307143,390.118,0.307143,0,0.307143,270.86,0.307143,0
0.307857,349.935,0.307857,0,0.307857,240.736,0.307857,0
0.308571,378.33,0.308571,0,0.308571,259.828,0.308571,0
0.309286,399.413,0.309286,0,0.309286,273.537,0.309286,0
0.31,358.057,0.31,0,0.31,242.641,0.31,0
0.310714,385.325,0.310714,0,0.310714,261.022,0.310714,0
0.311429,347.427,0.311429,0,0.311429,233.346,0.311429,0
0.312143,376.758,0.312143,0,0.312143,253.627,0.312143,0
0.312857,398.376,0.312857,0,0.312857,268.088,0.312857,0
0.313571,357.585,0.313571,0,0.313571,237.747,0.313571,0
0.314286,385.239,0.314286,0,0.314286,256.391,0.314286,0
0.315,347.825,0.315,0,0.315,229.056,0.315,0
0.315714,377.504,0.315714,0,0.315714,249.488,0.315714,0
0.316429,399.439,0.316429,0,0.316429,264.113,0.316429,0
0.317143,359.094,0.317143,0,0.317143,234.034,0.317143,0
0.317857,387.055,0.317857,0,0.317857,252.772,0.317857,0
0.318571,350.018,0.318571,0,0.318571,225.652,0.318571,0
0.319286,379.921,0.319286,0,0.319286,246.137,0.319286,0
0.32,402.024,0.32,0,0.32,260.838,0.32,0
0.320714,361.966,0.320714,0,0.320714,230.943,0.320714,0
0.321429,390.065,0.321429,0,0.321429,249.696,0.321429,0
0.322143,353.243,0.322143,0,0.322143,222.723,0.322143,0
0.322857,383.203,0.322857,0,0.322857,243.191,0.322857,0
0.323571,405.32,0.323571,0,0.323571,257.907,0.323571,0
0.324286,365.412,0.324286,0,0.324286,228.146,0.324286,0
0.325,393.515,0.325,0,0.325,246.862,0.325,0
0.325714,356.797,0.325714,0,0.325714,219.996,0.325714,0
0.326429,386.708,0.326429,0,0.326429,240.405,0.326429,0
0.327143,408.747,0.327143,0,0.327143,255.105,0.327143,0
0.327857,368.922,0.327857,0,0.327857,225.459,0.327857,0
0.328571,396.961,0.328571,0,0.328571,244.11,0.328571,0
0.329286,360.301,0.329286,0,0.329286,217.339,0.329286,0
0.33,390.114,0.33,0,0.33,237.669,0.33,0
0.330714,412.041,0.330714,0,0.330714,252.343,0.330714,0
0.331429,372.28,0.331429,0,0.331429,222.81,0.331429,0
0.332143,400.231,0.332143,0,0.332143,241.385,0.332143,0
0.332857,363.619,0.332857,0,0.332857,214.712,0.332857,0
0.333571,393.319,0.333571,0,0.333571,234.956,0.333571,0
0.334286,415.127,0.334286,0,0.334286,249.603,0.334286,0
0.335,375.434,0.335,0,0.335,220.192,0.335,0
0.335714,403.29,0.335714,0,0.335714,238.688,0.335714,0
0.336429,366.733,0.336429,0,0.336429,212.121,0.336429,0
0.337143,396.315,0.337143,0,0.337143,232.275,0.337143,0
0.337857,418.003,0.337857,0,0.337857,246.898,0.337857,0
0.338571,378.387,0.338571,0,0.338571,217.621,0.338571,0
0.339286,406.145,0.339286,0,0.339286,236.035,0.339286,0
0.34,369.651,0.34,0,0.34,209.584,0.34,0
0.340714,399.11,0.340714,0,0.340714,229.646,0.340714,0
0.341429,420.676,0.341429,0,0.341429,244.248,0.341429,0
0.342143,381.173,0.342143,0,0.342143,215.07,0.342143,0
0.342857,408.814,0.342857,0,0.342857,233.425,0.342857,0
0.343571,372.381,0.343571,0,0.343571,207.111,0.343571,0
0.344286,401.706,0.344286,0,0.344286,227.083,0.344286,0
0.345,366.543,0.345,0,0.345,201.925,0.345,0
0.345714,396.89,0.345714,0,0.345714,222.643,0.345714,0
0.346429,419.243,0.346429,0,0.346429,237.849,0.346429,0
0.347143,380.792,0.347143,0,0.347143,209.241,0.347143,0
0.347857,409.073,0.347857,0,0.347857,227.987,0.347857,0
0.348571,373.426,0.348571,0,0.348571,202.239,0.348571,0
0.349286,403.226,0.349286,0,0.349286,222.435,0.349286,0
0.35,368.672,0.35,0,0.35,197.731,0.35,0
0.350714,399.311,0.350714,0,0.350714,218.579,0.350714,0
0.351429,421.883,0.351429,0,0.351429,233.995,0.351429,0
0.352143,383.761,0.352143,0,0.352143,205.938,0.352143,0
0.352857,412.195,0.352857,0,0.352857,224.644,0.352857,0
0.353571,376.839,0.353571,0,0.353571,199.168,0.353571,0
0.354286,406.608,0.354286,0,0.354286,219.337,0.354286,0
0.355,372.207,0.355,0,0.355,194.889,0.355,0
0.355714,402.696,0.355714,0,0.355714,215.683,0.355714,0
0.356429,425.095,0.356429,0,0.356429,231.156,0.356429,0
0.357143,387.173,0.357143,0,0.357143,203.191,0.357143,0
0.357857,415.357,0.357857,0,0.357857,221.921,0.357857,0
0.358571,380.009,0.358571,0,0.358571,196.704,0.358571,0
0.359286,409.491,0.359286,0,0.359286,216.795,0.359286,0
0.36,375.059,0.36,0,0.36,192.569,0.36,0
0.360714,405.221,0.360714,0,0.360714,213.259,0.360714,0
0.361429,427.315,0.361429,0,0.361429,228.758,0.361429,0
0.362143,389.406,0.362143,0,0.362143,201.043,0.362143,0
0.362857,417.29,0.362857,0,0.362857,219.675,0.362857,0
0.363571,381.918,0.363571,0,0.363571,194.679,0.363571,0
0.364286,410.68,0.364286,0,0.364286,214.388,0.364286,0
0.365,376.292,0.365,0,0.365,190.448,0.365,0
0.365714,405.192,0.365714,0,0.365714,210.398,0.365714,0
0.366429,371.634,0.366429,0,0.366429,187.125,0.366429,0
0.367143,400.72,0.367143,0,0.367143,207.194,0.367143,0
0.367857,423.498,0.367857,0,0.367857,223.401,0.367857,0
0.368571,386.472,0.368571,0,0.368571,196.554,0.368571,0
0.369286,413.613,0.369286,0,0.369286,214.72,0.369286,0
0.37,379.153,0.37,0,0.37,190.571,0.37,0
0.370714,406.784,0.370714,0,0.370714,209.574,0.370714,0
0.371429,373.328,0.371429,0,0.371429,186.532,0.371429,0
0.372143,401.068,0.372143,0,0.372143,205.802,0.372143,0
0.372857,422.647,0.372857,0,0.372857,221.419,0.372857,0
0.373571,385.923,0.373571,0,0.373571,195.139,0.373571,0
0.374286,411.751,0.374286,0,0.374286,212.625,0.374286,0
0.375,377.582,0.375,0,0.375,189.02,0.375,0
0.375714,403.891,0.375714,0,0.375714,207.337,0.375714,0
0.376429,370.772,0.376429,0,0.376429,184.868,0.376429,0
0.377143,397.221,0.377143,0,0.377143,203.472,0.377143,0
0.377857,417.741,0.377857,0,0.377857,218.625,0.377857,0
0.378571,381.623,0.378571,0,0.378571,193.129,0.378571,0
0.379286,406.33,0.379286,0,0.379286,210.062,0.379286,0
0.38,372.75,0.38,0,0.38,187.18,0.38,0
0.380714,397.955,0.380714,0,0.380714,204.934,0.380714,0
0.381429,365.446,0.381429,0,0.381429,183.189,0.381429,0
0.382143,390.959,0.382143,0,0.382143,200.989,0.382143,0
0.382857,410.558,0.382857,0,0.382857,215.934,0.382857,0
0.383571,375.228,0.383571,0,0.383571,191.386,0.383571,0
0.384286,398.963,0.384286,0,0.384286,207.89,0.384286,0
0.385,366.118,0.385,0,0.385,185.834,0.385,0
0.385714,390.482,0.385714,0,0.385714,202.867,0.385714,0
0.386429,409.038,0.386429,0,0.386429,217.251,0.386429,0
0.387143,373.668,0.387143,0,0.387143,192.952,0.387143,0
0.387857,396.242,0.387857,0,0.387857,208.883,0.387857,0
0.388571,363.356,0.388571,0,0.388571,187.109,0.388571,0
0.389286,386.529,0.389286,0,0.389286,203.584,0.389286,0
0.39,404.062,0.39,0,0.39,217.561,0.39,0
0.390714,368.864,0.390714,0,0.390714,193.728,0.390714,0
0.391429,390.517,0.391429,0,0.391429,208.932,0.391429,0
0.392143,357.763,0.392143,0,0.392143,187.737,0.392143,0
0.392857,379.884,0.392857,0,0.392857,203.802,0.392857,0
0.393571,396.667,0.393571,0,0.393571,217.33,0.393571,0
0.394286,361.832,0.394286,0,0.394286,194.195,0.394286,0
0.395,382.586,0.395,0,0.395,209.068,0.395,0
0.395714,350.229,0.395714,0,0.395714,188.443,0.395714,0
0.396429,371.49,0.396429,0,0.396429,204.149,0.396429,0
0.397143,387.647,0.397143,0,0.397143,217.377,0.397143,0
0.397857,353.356,0.397857,0,0.397857,194.959,0.397857,0
0.398571,373.354,0.398571,0,0.398571,209.552,0.398571,0
0.399286,341.517,0.399286,0,0.399286,189.544,0.399286,0
0.4,362.023,0.4,0,0.4,204.948,0.4,0
0.400714,377.61,0.400714,0,0.400714,218.024,0.400714,0
0.401429,343.986,0.401429,0,0.401429,196.353,0.401429,0
0.402143,363.322,0.402143,0,0.402143,210.752,0.402143,0
0.402857,332.052,0.402857,0,0.402857,191.461,0.402857,0
0.403571,351.816,0.403571,0,0.403571,206.699,0.403571,0
0.404286,366.764,0.404286,0,0.404286,219.745,0.404286,0
0.405,333.635,0.405,0,0.405,198.901,0.405,0
0.405714,352.12,0.405714,0,0.405714,213.188,0.405714,0
0.406429,321.2,0.406429,0,0.406429,194.642,0.406429,0
0.407143,340.043,0.407143,0,0.407143,209.74,0.407143,0
0.407857,354.215,0.407857,0,0.407857,222.762,0.407857,0
0.408571,321.46,0.408571,0,0.408571,202.715,0.408571,0
0.409286,339.048,0.409286,0,0.409286,216.891,0.409286,0
0.41,308.413,0.41,0,0.41,199.051,0.41,0
0.410714,326.336,0.410714,0,0.410714,214.011,0.410714,0
0.411429,339.773,0.411429,0,0.411429,226.932,0.411429,0
0.412143,307.358,0.412143,0,0.412143,207.661,0.412143,0
0.412857,324.086,0.412857,0,0.412857,221.749,0.412857,0
0.413571,336.59,0.413571,0,0.413571,234.046,0.413571,0
0.414286,303.617,0.414286,0,0.414286,214.564,0.414286,0
0.415,319.378,0.415,0,0.415,228.22,0.415,0
0.415714,288.499,0.415714,0,0.415714,210.98,0.415714,0
0.416429,304.593,0.416429,0,0.416429,225.316,0.416429,0
0.417143,316.397,0.417143,0,0.417143,237.92,0.417143,0
0.417857,283.939,0.417857,0,0.417857,219.472,0.417857,0
0.418571,298.992,0.418571,0,0.418571,233.049,0.418571,0
0.419286,310.053,0.419286,0,0.419286,245.117,0.419286,0
0.42,277.258,0.42,0,0.42,226.502,0.42,0
0.420714,291.574,0.420714,0,0.420714,239.729,0.420714,0
0.421429,301.953,0.421429,0,0.421429,251.523,0.421429,0
0.422143,268.903,0.422143,0,0.422143,232.982,0.422143,0
0.422857,282.484,0.422857,0,0.422857,245.924,0.422857,0
0.423571,251.862,0.423571,0,0.423571,228.896,0.423571,0
0.424286,265.754,0.424286,0,0.424286,242.866,0.424286,0
0.425,275.807,0.425,0,0.425,255.257,0.425,0
0.425714,243.956,0.425714,0,0.425714,237.25,0.425714,0
0.426429,257.183,0.426429,0,0.426429,250.643,0.426429,0
0.427143,266.854,0.427143,0,0.427143,262.645,0.427143,0
0.427857,234.881,0.427857,0,0.427857,244.708,0.427857,0
0.428571,247.745,0.428571,0,0.428571,257.804,0.428571,0
0.429286,257.082,0.429286,0,0.429286,269.577,0.429286,0
0.43,225.094,0.43,0,0.43,251.688,0.43,0
0.430714,237.522,0.430714,0,0.430714,264.573,0.430714,0
0.431429,246.487,0.431429,0,0.431429,276.169,0.431429,0
0.432143,214.513,0.432143,0,0.432143,258.376,0.432143,0
0.432857,226.527,0.432857,0,0.432857,271.054,0.432857,0
0.433571,196.789,0.433571,0,0.433571,254.799,0.433571,0
0.434286,209.327,0.434286,0,0.434286,268.474,0.434286,0
0.435,218.414,0.435,0,0.435,280.706,0.435,0
0.435714,187.675,0.435714,0,0.435714,263.646,0.435714,0
0.436429,199.97,0.436429,0,0.436429,276.765,0.436429,0
0.437143,208.976,0.437143,0,0.437143,288.622,0.437143,0
0.437857,177.508,0.437857,0,0.437857,272.131,0.437857,0
0.438571,190.245,0.438571,0,0.438571,284.779,0.438571,0
0.439286,199.266,0.439286,0,0.439286,296.282,0.439286,0
0.44,166.985,0.44,0,0.44,279.799,0.44,0
0.440714,180.349,0.440714,0,0.440714,292.168,0.440714,0
0.441429,148.59,0.441429,0,0.441429,277.16,0.441429,0
0.442143,164.086,0.442143,0,0.442143,290.373,0.442143,0
0.442857,173.786,0.442857,0,0.442857,302.321,0.442857,0
0.443571,141.096,0.443571,0,0.443571,286.547,0.443571,0
0.444286,156.368,0.444286,0,0.444286,299.227,0.444286,0
0.445,166.011,0.445,0,0.445,310.82,0.445,0
0.445714,132.597,0.445714,0,0.445714,294.717,0.445714,0
0.446429,148.478,0.446429,0,0.446429,307.197,0.446429,0
0.447143,115.488,0.447143,0,0.447143,292.374,0.447143,0
0.447857,133.712,0.447857,0,0.447857,305.77,0.447857,0
0.448571,144.093,0.448571,0,0.448571,317.842,0.448571,0
0.449286,110.155,0.449286,0,0.449286,302.318,0.449286,0
0.45,127.906,0.45,0,0.45,315.106,0.45,0
0.450714,138.154,0.450714,0,0.450714,326.769,0.450714,0
0.451429,103.493,0.451429,0,0.451429,310.817,0.451429,0
0.452143,121.708,0.452143,0,0.452143,323.347,0.452143,0
0.452857,87.4068,0.452857,0,0.452857,308.482,0.452857,0
0.453571,108.078,0.453571,0,0.453571,321.949,0.453571,0
0.454286,118.99,0.454286,0,0.454286,333.996,0.454286,0
0.455,83.7605,0.455,0,0.455,318.483,0.455,0
0.455714,103.684,0.455714,0,0.455714,331.25,0.455714,0
0.456429,114.385,0.456429,0,0.456429,342.827,0.456429,0
0.457143,78.5012,0.457143,0,0.457143,326.813,0.457143,0
0.457857,98.7522,0.457857,0,0.457857,339.266,0.457857,0
0.458571,63.2263,0.458571,0,0.458571,324.189,0.458571,0
0.459286,86.0312,0.459286,0,0.459286,337.588,0.459286,0
0.46,97.376,0.46,0,0.46,349.468,0.46,0
0.460714,61.0048,0.460714,0,0.460714,333.803,0.460714,0
0.461429,82.8599,0.461429,0,0.461429,346.437,0.461429,0
0.462143,93.9688,0.462143,0,0.462143,357.802,0.462143,0
0.462857,57.0705,0.462857,0,0.462857,341.595,0.462857,0
0.463571,79.1594,0.463571,0,0.463571,353.873,0.463571,0
0.464286,42.6611,0.464286,0,0.464286,338.489,0.464286,0
0.465,66.9527,0.465,0,0.465,351.76,0.465,0
0.465714,79.1124,0.465714,0,0.465714,363.359,0.465714,0
0.466429,41.8833,0.466429,0,0.466429,347.41,0.466429,0
0.467143,65.5827,0.467143,0,0.467143,359.837,0.467143,0
0.467857,77.1478,0.467857,0,0.467857,370.908,0.467857,0
0.468571,39.5451,0.468571,0,0.468571,354.427,0.468571,0
0.469286,63.1166,0.469286,0,0.469286,366.525,0.469286,0
0.47,26.072,0.47,0,0.47,350.745,0.47,0
0.470714,50.129,0.470714,0,0.470714,363.502,0.470714,0
0.471429,64.7027,0.471429,0,0.471429,374.819,0.471429,0
0.472143,26.971,0.472143,0,0.472143,358.553,0.472143,0
0.472857,50.5869,0.472857,0,0.472857,370.671,0.472857,0
0.473571,64.531,0.473571,0,0.473571,381.456,0.473571,0
0.474286,26.648,0.474286,0,0.474286,364.68,0.474286,0
0.475,50.0788,0.475,0,0.475,376.341,0.475,0
0.475714,64.0541,0.475714,0,0.475714,386.747,0.475714,0
0.476429,26.0041,0.476429,0,0.476429,369.613,0.476429,0
0.477143,49.1666,0.477143,0,0.477143,380.855,0.477143,0
0.477857,63.2761,0.477857,0,0.477857,390.917,0.477857,0
0.478571,25.0996,0.478571,0,0.478571,373.501,0.478571,0
0.479286,47.9652,0.479286,0,0.479286,384.337,0.479286,0
0.48,62.1958,0.48,0,0.48,394.164,0.48,0
0.480714,24.0095,0.480714,0,0.480714,376.467,0.480714,0
0.481429,46.6185,0.481429,0,0.481429,386.894,0.481429,0
0.482143,61.0749,0.482143,0,0.482143,396.381,0.482143,0
0.482857,22.9524,0.482857,0,0.482857,378.505,0.482857,0
0.483571,45.3651,0.483571,0,0.483571,388.569,0.483571,0
0.484286,60.1112,0.484286,0,0.484286,397.705,0.484286,0
0.485,22.1352,0.485,0,0.485,379.699,0.485,0
0.485714,44.4393,0.485714,0,0.485714,389.436,0.485714,0
0.486429,59.5064,0.486429,0,0.486429,398.245,0.486429,0
0.487143,21.7487,0.487143,0,0.487143,380.13,0.487143,0
0.487857,44.0412,0.487857,0,0.487857,389.567,0.487857,0
0.488571,59.4463,0.488571,0,0.488571,398.066,0.488571,0
0.489286,21.9572,0.489286,0,0.489286,379.849,0.489286,0
0.49,44.333,0.49,0,0.49,389.009,0.49,0
0.490714,60.0753,0.490714,0,0.490714,397.209,0.490714,0
0.491429,22.8851,0.491429,0,0.491429,378.893,0.491429,0
0.492143,45.4334,0.492143,0,0.492143,387.795,0.492143,0
0.492857,61.494,0.492857,0,0.492857,395.702,0.492857,0
0.493571,24.6179,0.493571,0,0.493571,377.28,0.493571,0
0.494286,47.4202,0.494286,0,0.494286,385.939,0.494286,0
0.495,63.7641,0.495,0,0.495,393.553,0.495,0
0.495714,27.2067,0.495714,0,0.495714,375.016,0.495714,0
0.496429,50.3378,0.496429,0,0.496429,383.444,0.496429,0
0.497143,66.9169,0.497143,0,0.497143,390.761,0.497143,0
0.497857,30.8658,0.497857,0,0.497857,372.153,0.497857,0
0.498571,54.3113,0.498571,0,0.498571,380.353,0.498571,0
0.499286,70.949,0.499286,0,0.499286,387.355,0.499286,0
0.5,35.6542,0.5,0,0.5,368.718,0.5,0
0.500714,59.3784,0.500714,0,0.500714,376.687,0.500714,0
0.501429,75.8162,0.501429,0,0.501429,383.346,0.501429,0
0.502143,41.4072,0.502143,0,0.502143,364.674,0.502143,0
0.502857,65.4756,0.502857,0,0.502857,372.336,0.502857,0
0.503571,81.4798,0.503571,0,0.503571,378.646,0.503571,0
0.504286,48.031,0.504286,0,0.504286,359.958,0.504286,0
0.505,72.48,0.505,0,0.505,367.302,0.505,0
0.505714,87.8543,0.505714,0,0.505714,373.27,0.505714,0
0.506429,55.4465,0.506429,0,0.506429,354.586,0.506429,0
0.507143,80.3105,0.507143,0,0.507143,361.628,0.507143,0
0.507857,94.8789,0.507857,0,0.507857,367.259,0.507857,0
0.508571,63.5933,0.508571,0,0.508571,348.595,0.508571,0
0.509286,88.9043,0.509286,0,0.509286,355.36,0.509286,0
0.51,102.501,0.51,0,0.51,360.658,0.51,0
0.510714,72.4131,0.510714,0,0.510714,342.03,0.510714,0
0.511429,97.222,0.511429,0,0.511429,348.445,0.511429,0
0.512143,110.633,0.512143,0,0.512143,353.421,0.512143,0
0.512857,122.712,0.512857,0,0.512857,357.771,0.512857,0
0.513571,93.7903,0.513571,0,0.513571,338.295,0.513571,0
0.514286,116.728,0.514286,0,0.514286,343.537,0.514286,0
0.515,129.727,0.515,0,0.515,347.58,0.515,0
0.515714,101.91,0.515714,0,0.515714,328.644,0.515714,0
0.516429,124.379,0.516429,0,0.516429,333.824,0.516429,0
0.517143,137.307,0.517143,0,0.517143,337.755,0.517143,0
0.517857,149.045,0.517857,0,0.517857,341.108,0.517857,0
0.518571,122.348,0.518571,0,0.518571,321.577,0.518571,0
0.519286,142.999,0.519286,0,0.519286,325.852,0.519286,0
0.52,155.487,0.52,0,0.52,329.039,0.52,0
0.520714,166.882,0.520714,0,0.520714,331.707,0.520714,0
0.521429,141.395,0.521429,0,0.521429,311.844,0.521429,0
0.522143,160.436,0.522143,0,0.522143,315.585,0.522143,0
0.522857,172.424,0.522857,0,0.522857,318.261,0.522857,0
0.523571,183.416,0.523571,0,0.523571,320.41,0.523571,0
0.524286,159.161,0.524286,0,0.524286,300.396,0.524286,0
0.525,176.618,0.525,0,0.525,303.695,0.525,0
0.525714,188.133,0.525714,0,0.525714,305.947,0.525714,0
0.526429,198.768,0.526429,0,0.526429,307.662,0.526429,0
0.527143,175.836,0.527143,0,0.527143,287.618,0.527143,0
0.527857,191.793,0.527857,0,0.527857,290.557,0.527857,0
0.528571,202.923,0.528571,0,0.528571,292.469,0.528571,0
0.529286,213.293,0.529286,0,0.529286,293.836,0.529286,0
0.53,191.778,0.53,0,0.53,273.867,0.53,0
0.530714,206.341,0.530714,0,0.530714,276.526,0.530714,0
0.531429,217.182,0.531429,0,0.531429,278.18,0.531429,0
0.532143,227.377,0.532143,0,0.532143,279.281,0.532143,0
0.532857,237.298,0.532857,0,0.532857,279.814,0.532857,0
0.533571,217.288,0.533571,0,0.533571,259.425,0.533571,0
0.534286,229.883,0.534286,0,0.534286,261.562,0.534286,0
0.535,240.159,0.535,0,0.535,262.74,0.535,0
0.535714,249.865,0.535714,0,0.535714,263.351,0.535714,0
0.536429,259.294,0.536429,0,0.536429,263.448,0.536429,0
0.537143,240.73,0.537143,0,0.537143,243.033,0.537143,0
0.537857,251.298,0.537857,0,0.537857,244.802,0.537857,0
0.538571,260.894,0.538571,0,0.538571,245.618,0.538571,0
0.539286,270.032,0.539286,0,0.539286,245.836,0.539286,0
0.54,278.929,0.54,0,0.54,245.583,0.54,0
0.540714,260.567,0.540714,0,0.540714,225.19,0.540714,0
0.541429,270.416,0.541429,0,0.541429,226.677,0.541429,0
0.542143,279.492,0.542143,0,0.542143,227.238,0.542143,0
0.542857,288.162,0.542857,0,0.542857,227.232,0.542857,0
0.543571,296.623,0.543571,0,0.543571,226.793,0.543571,0
0.544286,278.446,0.544286,0,0.544286,206.59,0.544286,0
0.545,287.836,0.545,0,0.545,207.915,0.545,0
0.545714,296.527,0.545714,0,0.545714,208.329,0.545714,0
0.546429,304.853,0.546429,0,0.546429,208.203,0.546429,0
0.547143,313.002,0.547143,0,0.547143,207.672,0.547143,0
0.547857,321.002,0.547857,0,0.547857,206.845,0.547857,0
0.548571,302.877,0.548571,0,0.548571,186.597,0.548571,0
0.549286,311.68,0.549286,0,0.549286,187.684,0.549286,0
0.55,319.805,0.55,0,0.55,187.876,0.55,0
0.550714,327.554,0.550714,0,0.550714,187.552,0.550714,0
0.551429,335.111,0.551429,0,0.551429,186.845,0.551429,0
0.552143,342.511,0.552143,0,0.552143,185.861,0.552143,0
0.552857,324.441,0.552857,0,0.552857,165.856,0.552857,0
0.553571,332.543,0.553571,0,0.553571,166.792,0.553571,0
0.554286,340.02,0.554286,0,0.554286,166.841,0.554286,0
0.555,347.147,0.555,0,0.555,166.397,0.555,0
0.555714,354.099,0.555714,0,0.555714,165.594,0.555714,0
0.556429,360.912,0.556429,0,0.556429,164.536,0.556429,0
0.557143,342.997,0.557143,0,0.557143,144.951,0.557143,0
0.557857,350.46,0.557857,0,0.557857,145.809,0.557857,0
0.558571,357.364,0.558571,0,0.558571,145.804,0.558571,0
0.559286,363.952,0.559286,0,0.559286,145.335,0.559286,0
0.56,370.391,0.56,0,0.56,144.535,0.56,0
0.560714,376.711,0.560714,0,0.560714,143.507,0.560714,0
0.561429,382.894,0.561429,0,0.561429,142.313,0.561429,0
0.562143,365.066,0.562143,0,0.562143,123.119,0.562143,0
0.562857,371.762,0.562857,0,0.562857,123.887,0.562857,0
0.563571,377.927,0.563571,0,0.563571,123.815,0.563571,0
0.564286,383.776,0.564286,0,0.564286,123.305,0.564286,0
0.565,389.47,0.565,0,0.565,122.489,0.565,0
0.565714,395.044,0.565714,0,0.565714,121.464,0.565714,0
0.566429,400.483,0.566429,0,0.566429,120.293,0.566429,0
0.567143,382.788,0.567143,0,0.567143,101.762,0.567143,0
0.567857,388.667,0.567857,0,0.567857,102.508,0.567857,0
0.568571,394.071,0.568571,0,0.568571,102.447,0.568571,0
0.569286,399.188,0.569286,0,0.569286,101.981,0.569286,0
0.57,404.169,0.57,0,0.57,101.24,0.57,0
0.570714,409.048,0.570714,0,0.570714,100.316,0.570714,0
0.571429,413.812,0.571429,0,0.571429,99.2688,0.571429,0
0.572143,418.428,0.572143,0,0.572143,98.1302,0.572143,0
0.572857,400.87,0.572857,0,0.572857,80.3984,0.572857,0
0.573571,405.803,0.573571,0,0.573571,81.1378,0.573571,0
0.574286,410.299,0.574286,0,0.574286,81.1117,0.574286,0
0.575,414.515,0.575,0,0.575,80.717,0.575,0
0.575714,418.597,0.575714,0,0.575714,80.0763,0.575714,0
0.576429,422.581,0.576429,0,0.576429,79.2809,0.576429,0
0.577143,426.456,0.577143,0,0.577143,78.3835,0.577143,0
0.577857,430.198,0.577857,0,0.577857,77.4131,0.577857,0
0.578571,433.775,0.578571,0,0.578571,76.3847,0.578571,0
0.579286,437.156,0.579286,0,0.579286,75.3044,0.579286,0
0.58,440.317,0.58,0,0.58,74.1735,0.58,0
0.580714,444.867,0.580714,0,0.580714,72.8032,0.580714,0
0.581429,425.797,0.581429,0,0.581429,53.8117,0.581429,0
0.582143,426.756,0.582143,0,0.582143,55.0662,0.582143,0
0.582857,427.004,0.582857,0,0.582857,53.5662,0.582857,0
0.583571,426.955,0.583571,0,0.583571,51.3568,0.583571,0
0.584286,426.832,0.584286,0,0.584286,49.0355,0.584286,0
0.585,426.738,0.585,0,0.585,46.7703,0.585,0
0.585714,426.713,0.585714,0,0.585714,44.6053,0.585714,0
0.586429,426.771,0.586429,0,0.586429,42.5503,0.586429,0
0.587143,426.918,0.587143,0,0.587143,40.6064,0.587143,0
0.587857,427.151,0.587857,0,0.587857,38.7718,0.587857,0
0.588571,427.466,0.588571,0,0.588571,37.0441,0.588571,0
0.589286,427.857,0.589286,0,0.589286,35.4208,0.589286,0
0.59,428.316,0.59,0,0.59,33.8988,0.59,0
0.590714,428.835,0.590714,0,0.590714,32.4751,0.590714,0
0.591429,429.406,0.591429,0,0.591429,31.1462,0.591429,0
0.592143,430.02,0.592143,0,0.592143,29.909,0.592143,0
0.592857,430.666,0.592857,0,0.592857,28.7601,0.592857,0
0.593571,431.337,0.593571,0,0.593571,27.6961,0.593571,0
0.594286,432.021,0.594286,0,0.594286,26.7139,0.594286,0
0.595,432.711,0.595,0,0.595,25.8103,0.595,0
0.595714,433.397,0.595714,0,0.595714,24.9823,0.595714,0
0.596429,434.069,0.596429,0,0.596429,24.227,0.596429,0
0.597143,434.721,0.597143,0,0.597143,23.5418,0.597143,0
0.597857,435.343,0.597857,0,0.597857,22.9243,0.597857,0
0.598571,435.927,0.598571,0,0.598571,22.3721,0.598571,0
0.599286,436.467,0.599286,0,0.599286,21.8832,0.599286,0
0.6,436.956,0.6,0,0.6,21.4557,0.6,0
0.600714,437.385,0.600714,0,0.600714,21.095,0.600714,0
0.601429,437.755,0.601429,0,0.601429,20.7791,0.601429,0
0.602143,438.028,0.602143,0,0.602143,20.5531,0.602143,0
0.602857,438.26,0.602857,0,0.602857,20.2704,0.602857,0
0.603571,438.432,0.603571,0,0.603571,19.9548,0.603571,0
0.604286,438.532,0.604286,0,0.604286,19.6133,0.604286,0
0.605,438.553,0.605,0,0.605,19.2478,0.605,0
0.605714,438.49,0.605714,0,0.605714,18.8584,0.605714,0
0.606429,438.343,0.606429,0,0.606429,18.445,0.606429,0
0.607143,438.108,0.607143,0,0.607143,18.0074,0.607143,0
0.607857,437.787,0.607857,0,0.607857,17.5457,0.607857,0
0.608571,437.38,0.608571,0,0.608571,17.0603,0.608571,0
0.609286,436.888,0.609286,0,0.609286,16.5518,0.609286,0
0.61,436.32,0.61,0,0.61,16.0068,0.61,0
0.610714,435.699,0.610714,0,0.610714,15.3751,0.610714,0
0.611429,435.007,0.611429,0,0.611429,14.7123,0.611429,0
0.612143,434.241,0.612143,0,0.612143,14.0372,0.612143,0
0.612857,433.402,0.612857,0,0.612857,13.345,0.612857,0
0.613571,432.495,0.613571,0,0.613571,12.634,0.613571,0
0.614286,431.524,0.614286,0,0.614286,11.9045,0.614286,0
0.615,430.493,0.615,0,0.615,11.1568,0.615,0
0.615714,429.404,0.615714,0,0.615714,10.392,0.615714,0
0.616429,428.262,0.616429,0,0.616429,9.61099,0.616429,0
0.617143,427.069,0.617143,0,0.617143,8.81471,0.617143,0
0.617857,426.041,0.617857,0,0.617857,8.17837,0.617857,0
0.618571,424.969,0.618571,0,0.618571,7.49116,0.618571,0
0.619286,423.863,0.619286,0,0.619286,6.78924,0.619286,0
0.62,422.728,0.62,0,0.62,6.07549,0.62,0
0.620714,421.561,0.620714,0,0.620714,5.35121,0.620714,0
0.621429,420.363,0.621429,0,0.621429,4.61714,0.621429,0
0.622143,419.134,0.622143,0,0.622143,3.87365,0.622143,0
0.622857,417.874,0.622857,0,0.622857,3.12091,0.622857,0
0.623571,416.583,0.623571,0,0.623571,2.35892,0.623571,0
0.624286,415.261,0.624286,0,0.624286,1.58766,0.624286,0
0.625,413.908,0.625,0,0.625,0.807084,0.625,0
0.625714,412.525,0.625714,0,0.625714,0.0171225,0.625714,0
0.626429,411.227,0.626429,0,0.626429,0,0.626429,0
0.627143,386.054,0.627143,0,0.627143,8.4528,0.627143,0
0.627857,382.707,0.627857,0,0.627857,0,0.627857,0
0.628571,361.188,0.628571,0,0.628571,0,0.628571,0
0.629286,345.74,0.629286,0,0.629286,0,0.629286,0
0.63,333.01,0.63,0,0.63,0,0.63,0
0.630714,322.066,0.630714,0,0.630714,0,0.630714,0
0.631429,312.523,0.631429,0,0.631429,0,0.631429,0
0.632143,304.156,0.632143,0,0.632143,0,0.632143,0
0.632857,296.817,0.632857,0,0.632857,0,0.632857,0
0.633571,290.404,0.633571,0,0.633571,0,0.633571,0
0.634286,284.837,0.634286,0,0.634286,0,0.634286,0
0.635,280.051,0.635,0,0.635,0,0.635,0
0.635714,275.989,0.635714,0,0.635714,0,0.635714,0
0.636429,272.596,0.636429,0,0.636429,0,0.636429,0
0.637143,269.822,0.637143,0,0.637143,0,0.637143,0
0.637857,267.619,0.637857,0,0.637857,0,0.637857,0
0.638571,265.938,0.638571,0,0.638571,0,0.638571,0
0.639286,264.735,0.639286,0,0.639286,0,0.639286,0
0.64,263.964,0.64,0,0.64,0,0.64,0
0.640714,263.585,0.640714,0,0.640714,0,0.640714,0
0.641429,263.557,0.641429,0,0.641429,0,0.641429,0
0.642143,263.841,0.642143,0,0.642143,0,0.642143,0
0.642857,264.401,0.642857,0,0.642857,0,0.642857,0
0.643571,265.203,0.643571,0,0.643571,0,0.643571,0
0.644286,266.216,0.644286,0,0.644286,0,0.644286,0
0.645,267.409,0.645,0,0.645,0,0.645,0
0.645714,268.77,0.645714,0,0.645714,0,0.645714,0
0.646429,270.303,0.646429,0,0.646429,0,0.646429,0
0.647143,272.075,0.647143,0,0.647143,0.657168,0.647143,0
0.647857,299.32,0.647857,0,0.647857,0,0.647857,0
0.648571,289.261,0.648571,0,0.648571,0,0.648571,0
0.649286,286.247,0.649286,0,0.649286,0,0.649286,0
0.65,285.994,0.65,0,0.65,3.71248,0.65,0
0.650714,312.051,0.650714,0,0.650714,0,0.650714,0
0.651429,300.408,0.651429,0,0.651429,0,0.651429,0
0.652143,297.075,0.652143,0,0.652143,4.47661,0.652143,0
0.652857,321.835,0.652857,0,0.652857,0,0.652857,0
0.653571,308.641,0.653571,0,0.653571,0,0.653571,0
0.654286,305.006,0.654286,0,0.654286,9.51723,0.654286,0
0.655,329.282,0.655,0,0.655,0,0.655,0
0.655714,315.086,0.655714,0,0.655714,2.25794,0.655714,0
0.656429,337.141,0.656429,0,0.656429,0,0.656429,0
0.657143,321.164,0.657143,0,0.657143,2.86552,0.657143,0
0.657857,342.393,0.657857,0,0.657857,0,0.657857,0
0.658571,325.571,0.658571,0,0.658571,5.23128,0.658571,0
0.659286,346.309,0.659286,0,0.659286,0,0.659286,0
0.66,328.904,0.66,0,0.66,7.90114,0.66,0
0.660714,349.307,0.660714,0,0.660714,0,0.660714,0
0.661429,331.406,0.661429,0,0.661429,10.5336,0.661429,0
0.662143,351.592,0.662143,0,0.662143,0,0.662143,0
0.662857,333.24,0.662857,0,0.662857,13.0429,0.662857,0
0.663571,353.308,0.663571,0,0.663571,0,0.663571,0
0.664286,334.534,0.664286,0,0.664286,15.426,0.664286,0
0.665,323.593,0.665,403.691,0.665,55.5767,0.665,0
0.665714,326.08,0.665714,363.089,0.665714,74.8971,0.665714,0
0.666429,326.667,0.666429,340.616,0.666429,77.6802,0.666429,0
0.667143,331.474,0.667143,321.655,0.667143,79.4286,0.667143,0
0.667857,336.214,0.667857,305.006,0.667857,81.006,0.667857,0
0.668571,340.321,0.668571,290.964,0.668571,81.9834,0.668571,0
0.669286,343.622,0.669286,278.924,0.669286,82.5967,0.669286,0
0.67,346.062,0.67,268.503,0.67,82.9188,0.67,0
0.670714,347.648,0.670714,259.439,0.670714,82.9727,0.670714,0
0.671429,393.133,0.671429,274.503,0.671429,9.37969,0.671429,227.159
0.672143,411.207,0.672143,261.261,0.672143,0,0.672143,172.8
0.672857,423.132,0.672857,238.47,0.672857,4.15131,0.672857,159.128
0.673571,432.802,0.673571,221.766,0.673571,9.05933,0.673571,151.502
0.674286,440.163,0.674286,209.192,0.674286,11.7896,0.674286,146.762
0.675,456.314,0.675,190.247,0.675,23.4776,0.675,135.608
0.675714,469.259,0.675714,172.995,0.675714,33.6631,0.675714,125.552
0.676429,479.693,0.676429,159.627,0.676429,39.7061,0.676429,119.474
0.677143,488.086,0.677143,148.857,0.677143,43.18,0.677143,116.099
0.677857,496.096,0.677857,138.918,0.677857,44.6298,0.677857,111.846
0.678571,501.603,0.678571,126.326,0.678571,46.7384,0.678571,107.389
0.679286,504.81,0.679286,115.196,0.679286,46.7315,0.679286,104.251
0.68,505.924,0.68,106.551,0.68,44.6509,0.68,102.825
0.680714,505.391,0.680714,99.7004,0.680714,41.3476,0.680714,102.489
0.681429,503.419,0.681429,94.1413,0.681429,37.4052,0.681429,102.857
0.682143,500.183,0.682143,91.3775,0.682143,33.3822,0.682143,103.644
0.682857,497.102,0.682857,98.4593,0.682857,32.4836,0.682857,103.577
0.683571,492.919,0.683571,104.216,0.683571,32.5246,0.683571,102.896
0.684286,487.91,0.684286,108.847,0.684286,32.7915,0.684286,101.72
0.685,482.322,0.685,112.996,0.685,35.95,0.685,99.2557
0.685714,476.017,0.685714,116.458,0.685714,38.4328,0.685714,96.1686
0.686429,469.103,0.686429,119.272,0.686429,40.3908,0.686429,92.9093
0.687143,461.691,0.687143,121.495,0.687143,41.9137,0.687143,89.5757
0.687857,452.089,0.687857,124.447,0.687857,41.4292,0.687857,87.6356
0.688571,444.277,0.688571,125.625,0.688571,42.3946,0.688571,84.2884
0.689286,436.167,0.689286,126.328,0.689286,43.2023,0.689286,80.5361
0.69,426.074,0.69,127.948,0.69,42.1103,0.69,78.419
0.690714,418.057,0.690714,127.939,0.690714,42.6161,0.690714,74.9665
0.691429,408.093,0.691429,128.921,0.691429,41.3627,0.691429,72.6462
0.692143,400.357,0.692143,128.346,0.692143,41.7988,0.692143,69.1074
0.692857,390.741,0.692857,128.877,0.692857,40.4917,0.692857,66.7854
0.693571,381.566,0.693571,129.254,0.693571,39.1979,0.693571,64.7809
0.694286,372.79,0.694286,129.46,0.694286,38.0457,0.694286,62.5447
0.695,364.426,0.695,129.52,0.695,37.0545,0.695,60.2101
0.695714,356.49,0.695714,129.466,0.695714,36.2298,0.695714,57.828
0.696429,348.997,0.696429,129.328,0.696429,35.5718,0.696429,55.4303
0.697143,341.957,0.697143,129.135,0.697143,35.0775,0.697143,53.0409
0.697857,335.376,0.697857,128.912,0.697857,34.7424,0.697857,50.6792
0.698571,329.254,0.698571,128.682,0.698571,34.5606,0.698571,48.3614
0.699286,323.588,0.699286,128.463,0.699286,34.5254,0.699286,46.1012
0.7,318.367,0.7,128.273,0.7,34.6296,0.7,43.9099
0.700714,313.582,0.700714,128.122,0.700714,34.8695,0.700714,41.8002
0.701429,309.211,0.701429,128.017,0.701429,35.2461,0.701429,39.7898
0.702143,305.233,0.702143,127.936,0.702143,35.763,0.702143,37.8703
0.702857,301.606,0.702857,127.922,0.702857,36.3756,0.702857,36.0672
0.703571,298.305,0.703571,127.978,0.703571,37.0773,0.703571,34.3912
0.704286,295.313,0.704286,128.078,0.704286,37.8792,0.704286,32.8278
0.705,292.601,0.705,128.219,0.705,38.7713,0.705,31.3702
0.705714,290.144,0.705714,128.396,0.705714,39.7451,0.705714,30.0153
0.706429,287.915,0.706429,128.604,0.706429,40.7924,0.706429,28.7592
0.707143,285.89,0.707143,128.835,0.707143,41.9059,0.707143,27.5973
0.707857,284.034,0.707857,129.09,0.707857,43.0755,0.707857,26.5371
0.708571,282.353,0.708571,129.348,0.708571,44.3048,0.708571,25.5459
0.709286,280.806,0.709286,129.609,0.709286,45.5838,0.709286,24.6331
0.71,279.374,0.71,129.868,0.71,46.9038,0.71,23.7971
0.710714,278.042,0.710714,130.118,0.710714,48.2597,0.710714,23.03
0.711429,276.79,0.711429,130.353,0.711429,49.6468,0.711429,22.3261
0.712143,275.605,0.712143,130.571,0.712143,51.058,0.712143,21.6817
0.712857,274.474,0.712857,130.76,0.712857,52.4948,0.712857,21.0871
0.713571,273.382,0.713571,130.918,0.713571,53.95,0.713571,20.5397
0.714286,272.32,0.714286,131.042,0.714286,55.4207,0.714286,20.036
0.715,271.277,0.715,131.128,0.715,56.9042,0.715,19.5713
0.715714,270.245,0.715714,131.173,0.715714,58.3983,0.715714,19.1415
0.716429,269.218,0.716429,131.173,0.716429,59.901,0.716429,18.7427
0.717143,268.19,0.717143,131.127,0.717143,61.4105,0.717143,18.3714
0.717857,267.156,0.717857,131.033,0.717857,62.9255,0.717857,18.0244
0.718571,266.111,0.718571,130.889,0.718571,64.4447,0.718571,17.6988
0.719286,265.055,0.719286,130.696,0.719286,65.967,0.719286,17.3921
0.72,263.983,0.72,130.453,0.72,67.4918,0.72,17.1018
0.720714,262.893,0.720714,130.171,0.720714,69.0016,0.720714,16.8234
0.721429,261.784,0.721429,129.838,0.721429,70.5196,0.721429,16.5632
0.722143,260.659,0.722143,129.455,0.722143,72.0406,0.722143,16.3165
0.722857,259.518,0.722857,129.025,0.722857,73.5639,0.722857,16.0792
0.723571,258.363,0.723571,128.549,0.723571,75.0893,0.723571,15.8499
0.724286,257.194,0.724286,128.028,0.724286,76.6166,0.724286,15.6277
0.725,256.013,0.725,127.466,0.725,78.1457,0.725,15.4118
0.725714,254.821,0.725714,126.864,0.725714,79.6767,0.725714,15.2017
0.726429,253.621,0.726429,126.224,0.726429,81.2097,0.726429,14.9969
0.727143,252.414,0.727143,125.549,0.727143,82.7448,0.727143,14.7971
0.727857,251.202,0.727857,124.841,0.727857,84.2821,0.727857,14.6019
0.728571,249.988,0.728571,124.102,0.728571,85.8219,0.728571,14.4113
0.729286,248.773,0.729286,123.335,0.729286,87.3643,0.729286,14.2249
0.73,247.559,0.73,122.542,0.73,88.9095,0.73,14.0428
0.730714,246.348,0.730714,121.725,0.730714,90.4578,0.730714,13.8647
0.731429,245.143,0.731429,120.888,0.731429,92.0092,0.731429,13.6907
0.732143,243.944,0.732143,120.031,0.732143,93.564,0.732143,13.5207
0.732857,242.754,0.732857,119.157,0.732857,95.1222,0.732857,13.3545
0.733571,241.574,0.733571,118.268,0.733571,96.684,0.733571,13.1922
0.734286,240.406,0.734286,117.365,0.734286,98.2494,0.734286,13.0336
0.735,239.25,0.735,116.452,0.735,99.8184,0.735,12.8788
0.735714,238.109,0.735714,115.528,0.735714,101.391,0.735714,12.7276
0.736429,236.982,0.736429,114.597,0.736429,102.967,0.736429,12.58
0.737143,235.871,0.737143,113.658,0.737143,104.546,0.737143,12.4358
0.737857,234.777,0.737857,112.715,0.737857,106.129,0.737857,12.2949
0.738571,233.7,0.738571,111.767,0.738571,107.715,0.738571,12.1571
0.739286,232.642,0.739286,110.816,0.739286,109.303,0.739286,12.0225
0.74,231.601,0.74,109.863,0.74,110.894,0.74,11.8907
0.740714,230.579,0.740714,108.909,0.740714,112.488,0.740714,11.7615
0.741429,229.584,0.741429,107.95,0.741429,114.091,0.741429,11.6293
0.742143,228.606,0.742143,106.992,0.742143,115.693,0.742143,11.4986
0.742857,227.648,0.742857,106.036,0.742857,117.295,0.742857,11.3715
0.743571,226.707,0.743571,105.083,0.743571,118.896,0.743571,11.2473
0.744286,225.786,0.744286,104.134,0.744286,120.496,0.744286,11.1258
0.745,224.884,0.745,103.188,0.745,122.095,0.745,11.0065
0.745714,224,0.745714,102.247,0.745714,123.691,0.745714,10.889
0.746429,223.135,0.746429,101.311,0.746429,125.286,0.746429,10.7731
0.747143,222.289,0.747143,100.38,0.747143,126.877,0.747143,10.6583
0.747857,221.462,0.747857,99.4546,0.747857,128.466,0.747857,10.5443
0.748571,220.653,0.748571,98.5351,0.748571,130.051,0.748571,10.4309
0.749286,219.863,0.749286,97.6219,0.749286,131.631,0.749286,10.3178
0.75,219.145,0.75,96.7517,0.75,133.059,0.75,10.6653
0.750714,218.559,0.750714,95.9256,0.750714,134.236,0.750714,11.6022
0.751429,218.033,0.751429,95.0348,0.751429,135.429,0.751429,12.4307
0.752143,217.56,0.752143,94.0807,0.752143,136.644,0.752143,13.1653
0.752857,217.117,0.752857,93.0346,0.752857,137.96,0.752857,13.8771
0.753571,216.716,0.753571,91.9234,0.753571,139.324,0.753571,14.5318
0.754286,216.356,0.754286,90.7645,0.754286,140.707,0.754286,15.1153
0.755,216.031,0.755,89.5667,0.755,142.098,0.755,15.6344
0.755714,215.733,0.755714,88.338,0.755714,143.492,0.755714,16.097
0.756429,215.459,0.756429,87.0856,0.756429,144.884,0.756429,16.5107
0.757143,215.203,0.757143,85.8165,0.757143,146.268,0.757143,16.8824
0.757857,214.961,0.757857,84.5373,0.757857,147.642,0.757857,17.2181
0.758571,214.732,0.758571,83.2539,0.758571,149.002,0.758571,17.5234
0.759286,214.513,0.759286,81.9718,0.759286,150.345,0.759286,17.803
0.76,214.304,0.76,80.6956,0.76,151.669,0.76,18.0607
0.760714,214.103,0.760714,79.4299,0.760714,152.973,0.760714,18.3001
0.761429,213.911,0.761429,78.1783,0.761429,154.257,0.761429,18.524
0.762143,213.727,0.762143,76.9441,0.762143,155.518,0.762143,18.7346
0.762857,213.554,0.762857,75.7302,0.762857,156.757,0.762857,18.934
0.763571,213.39,0.763571,74.5388,0.763571,157.974,0.763571,19.1234
0.764286,213.238,0.764286,73.372,0.764286,159.17,0.764286,19.304
0.765,213.119,0.765,72.2528,0.765,160.285,0.765,19.418
0.765714,213.023,0.765714,71.1703,0.765714,161.348,0.765714,19.4951
0.766429,212.944,0.766429,70.1188,0.766429,162.377,0.766429,19.5524
0.767143,212.88,0.767143,69.0966,0.767143,163.381,0.767143,19.5972
0.767857,212.832,0.767857,68.1032,0.767857,164.362,0.767857,19.6329
0.768571,212.801,0.768571,67.1388,0.768571,165.322,0.768571,19.6605
0.769286,212.787,0.769286,66.2038,0.769286,166.264,0.769286,19.6807
0.77,212.792,0.77,65.2985,0.77,167.187,0.77,19.6936
0.770714,212.816,0.770714,64.423,0.770714,168.092,0.770714,19.699
0.771429,212.86,0.771429,63.5776,0.771429,168.979,0.771429,19.6966
0.772143,212.925,0.772143,62.7624,0.772143,169.849,0.772143,19.6864
0.772857,213.01,0.772857,61.9774,0.772857,170.701,0.772857,19.6678
0.773571,213.117,0.773571,61.2227,0.773571,171.535,0.773571,19.6407
0.774286,213.245,0.774286,60.4981,0.774286,172.352,0.774286,19.6046
0.775,213.395,0.775,59.8037,0.775,173.151,0.775,19.5593
0.775714,213.567,0.775714,59.1395,0.775714,173.932,0.775714,19.5044
0.776429,213.761,0.776429,58.5053,0.776429,174.695,0.776429,19.4397
0.777143,213.976,0.777143,57.9013,0.777143,175.439,0.777143,19.3648
0.777857,214.213,0.777857,57.3273,0.777857,176.165,0.777857,19.2794
0.778571,214.471,0.778571,56.7834,0.778571,176.871,0.778571,19.1833
0.779286,214.751,0.779286,56.2695,0.779286,177.557,0.779286,19.0763
0.78,215.052,0.78,55.7858,0.78,178.224,0.78,18.9581
0.780714,215.374,0.780714,55.3323,0.780714,178.87,0.780714,18.8284
0.781429,215.717,0.781429,54.9092,0.781429,179.495,0.781429,18.6871
0.782143,216.08,0.782143,54.5165,0.782143,180.098,0.782143,18.5339
0.782857,216.465,0.782857,54.1544,0.782857,180.679,0.782857,18.3688
0.783571,216.87,0.783571,53.823,0.783571,181.238,0.783571,18.1914
0.784286,217.295,0.784286,53.5227,0.784286,181.774,0.784286,18.0017
0.785,217.74,0.785,53.2536,0.785,182.286,0.785,17.7994
0.785714,218.206,0.785714,53.016,0.785714,182.775,0.785714,17.5845
0.786429,218.692,0.786429,52.8101,0.786429,183.239,0.786429,17.3567
0.787143,219.199,0.787143,52.6363,0.787143,183.678,0.787143,17.116
0.787857,219.725,0.787857,52.4949,0.787857,184.093,0.787857,16.8623
0.788571,220.27,0.788571,52.3841,0.788571,184.485,0.788571,16.5998
0.789286,220.828,0.789286,52.3,0.789286,184.865,0.789286,16.337
0.79,221.396,0.79,52.2385,0.79,185.237,0.79,16.0795
0.790714,221.98,0.790714,52.2052,0.790714,185.588,0.790714,15.8131
0.791429,222.596,0.791429,52.2161,0.791429,185.886,0.791429,15.5053
0.792143,223.236,0.792143,52.2651,0.792143,186.147,0.792143,15.1754
0.792857,223.899,0.792857,52.3509,0.792857,186.376,0.792857,14.8283
0.793571,224.583,0.793571,52.473,0.793571,186.576,0.793571,14.4659
0.794286,225.288,0.794286,52.6316,0.794286,186.745,0.794286,14.0889
0.795,226.015,0.795,52.827,0.795,186.886,0.795,13.6977
0.795714,226.764,0.795714,53.0596,0.795714,186.997,0.795714,13.2923
0.796429,227.534,0.796429,53.3296,0.796429,187.077,0.796429,12.8728
0.797143,228.327,0.797143,53.6376,0.797143,187.128,0.797143,12.4391
0.797857,229.141,0.797857,53.9837,0.797857,187.148,0.797857,11.9912
0.798571,229.977,0.798571,54.3683,0.798571,187.138,0.798571,11.5289
0.799286,230.836,0.799286,54.7918,0.799286,187.096,0.799286,11.0523
0.8,231.717,0.8,55.2546,0.8,187.024,0.8,10.5613
0.800714,232.62,0.800714,55.7548,0.800714,186.919,0.800714,10.054
0.801429,220.491,0.801429,43.4721,0.801429,217.614,0.801429,40.5955
0.802143,216.899,0.802143,38.5883,0.802143,227.12,0.802143,48.8102
0.802857,215.301,0.802857,35.6255,0.802857,231.901,0.802857,52.2256
0.803571,214.482,0.803571,33.5922,0.803571,234.606,0.803571,53.7159
0.804286,214.02,0.804286,32.1152,0.804286,236.18,0.804286,54.2749
0.805,213.736,0.805,31.0145,0.805,237.09,0.805,54.3687
0.805714,213.556,0.805714,30.1984,0.805714,237.587,0.805714,54.2286
0.806429,213.455,0.806429,29.618,0.806429,237.809,0.806429,53.9718
0.807143,213.425,0.807143,29.2439,0.807143,237.842,0.807143,53.6604
0.807857,213.471,0.807857,29.0569,0.807857,237.739,0.807857,53.3251
0.808571,213.49,0.808571,28.9805,0.808571,237.754,0.808571,53.2438
0.809286,213.44,0.809286,28.8981,0.809286,238.207,0.809286,53.6648
0.81,213.503,0.81,28.9716,0.81,238.637,0.81,54.1052
0.810714,213.769,0.810714,29.2837,0.810714,238.76,0.810714,54.2747
0.811429,214.222,0.811429,29.8112,0.811429,238.591,0.811429,54.1802
0.812143,214.807,0.812143,30.4899,0.812143,238.275,0.812143,53.9578
0.812857,215.5,0.812857,31.2845,0.812857,237.887,0.812857,53.6711
0.813571,216.255,0.813571,32.1244,0.813571,237.561,0.813571,53.4303
0.814286,217.121,0.814286,33.0703,0.814286,237.146,0.814286,53.0955
0.815,218.076,0.815,34.0966,0.815,236.698,0.815,52.7184
0.815714,219.111,0.815714,35.1912,0.815714,236.23,0.815714,52.3108
0.816429,220.219,0.816429,36.3453,0.816429,235.75,0.816429,51.8764
0.817143,221.394,0.817143,37.5518,0.817143,235.259,0.817143,51.4164
0.817857,222.631,0.817857,38.8043,0.817857,234.758,0.817857,50.9314
0.818571,223.924,0.818571,40.0973,0.818571,234.248,0.818571,50.4212
0.819286,225.268,0.819286,41.4262,0.819286,233.728,0.819286,49.8861
0.82,226.658,0.82,42.7864,0.82,233.197,0.82,49.3259
0.820714,228.09,0.820714,44.1742,0.820714,232.656,0.820714,48.741
0.821429,229.559,0.821429,45.5864,0.821429,232.104,0.821429,48.1316
0.822143,231.061,0.822143,47.02,0.822143,231.539,0.822143,47.4981
0.822857,232.594,0.822857,48.4727,0.822857,230.962,0.822857,46.8411
0.823571,234.153,0.823571,49.9423,0.823571,230.371,0.823571,46.161
0.824286,235.735,0.824286,51.4272,0.824286,229.767,0.824286,45.4586
0.825,237.34,0.825,52.9259,0.825,229.148,0.825,44.7346
0.825714,238.963,0.825714,54.4373,0.825714,228.515,0.825714,43.9896
0.826429,240.602,0.826429,55.9595,0.826429,227.869,0.826429,43.2264
0.827143,242.257,0.827143,57.4922,0.827143,227.209,0.827143,42.4443
0.827857,243.925,0.827857,59.0351,0.827857,226.534,0.827857,41.644
0.828571,245.605,0.828571,60.5875,0.828571,225.843,0.828571,40.8259
0.829286,247.297,0.829286,62.1493,0.829286,225.139,0.829286,39.991
0.83,248.999,0.83,63.7201,0.83,224.419,0.83,39.1399
0.830714,250.711,0.830714,65.2997,0.830714,223.684,0.830714,38.2735
0.831429,252.431,0.831429,66.888,0.831429,222.935,0.831429,37.3925
0.832143,254.159,0.832143,68.4848,0.832143,222.172,0.832143,36.4977
0.832857,255.895,0.832857,70.0899,0.832857,221.395,0.832857,35.5897
0.833571,257.638,0.833571,71.7032,0.833571,220.604,0.833571,34.6693
0.834286,259.387,0.834286,73.3245,0.834286,219.8,0.834286,33.7373
0.835,261.142,0.835,74.9537,0.835,218.982,0.835,32.7942
0.835714,262.901,0.835714,76.5904,0.835714,218.152,0.835714,31.8407
0.836429,264.666,0.836429,78.2345,0.836429,217.309,0.836429,30.8774
0.837143,266.434,0.837143,79.8856,0.837143,216.453,0.837143,29.905
0.837857,268.206,0.837857,81.5434,0.837857,215.586,0.837857,28.924
0.838571,269.98,0.838571,83.2075,0.838571,214.707,0.838571,27.9349
0.839286,271.756,0.839286,84.8775,0.839286,213.817,0.839286,26.9384
0.84,273.534,0.84,86.5529,0.84,212.916,0.84,25.935
0.840714,275.312,0.840714,88.2332,0.840714,212.004,0.840714,24.925
0.841429,277.09,0.841429,89.9179,0.841429,211.081,0.841429,23.9091
0.842143,278.866,0.842143,91.6038,0.842143,210.15,0.842143,22.8881
0.842857,280.642,0.842857,93.296,0.842857,209.207,0.842857,21.8605
0.843571,282.416,0.843571,94.9906,0.843571,208.254,0.843571,20.8287
0.844286,284.187,0.844286,96.6873,0.844286,207.293,0.844286,19.7929
0.845,285.955,0.845,98.3853,0.845,206.323,0.845,18.7534
0.845714,287.718,0.845714,100.084,0.845714,205.345,0.845714,17.7105
0.846429,289.476,0.846429,101.783,0.846429,204.358,0.846429,16.6648
0.847143,291.228,0.847143,103.481,0.847143,203.364,0.847143,15.6166
0.847857,292.973,0.847857,105.177,0.847857,202.362,0.847857,14.5662
0.848571,294.711,0.848571,106.872,0.848571,201.353,0.848571,13.5142
0.849286,296.44,0.849286,108.563,0.849286,200.338,0.849286,12.461
0.85,298.16,0.85,110.251,0.85,199.316,0.85,11.4068
0.850714,299.871,0.850714,111.935,0.850714,198.288,0.850714,10.3521
0.851429,301.57,0.851429,113.613,0.851429,197.255,0.851429,9.29741
0.852143,303.259,0.852143,115.286,0.852143,196.216,0.852143,8.24298
0.852857,304.935,0.852857,116.952,0.852857,195.173,0.852857,7.18926
0.853571,306.599,0.853571,118.61,0.853571,194.125,0.853571,6.13665
0.854286,308.249,0.854286,120.261,0.854286,193.074,0.854286,5.08555
0.855,309.885,0.855,121.903,0.855,192.019,0.855,4.03637
0.855714,311.506,0.855714,123.536,0.855714,190.96,0.855714,2.98951
0.856429,313.112,0.856429,125.158,0.856429,189.899,0.856429,1.94538
0.857143,314.701,0.857143,126.769,0.857143,188.836,0.857143,0.904405
0.857857,316.294,0.857857,128.372,0.857857,187.727,0.857857,0
0.858571,318.029,0.858571,129.973,0.858571,186.307,0.858571,0
0.859286,319.848,0.859286,131.507,0.859286,184.751,0.859286,0
0.86,321.73,0.86,132.95,0.86,183.121,0.86,0
0.860714,323.664,0.860714,134.292,0.860714,181.446,0.860714,0
0.861429,325.643,0.861429,135.531,0.861429,179.728,0.861429,0
0.862143,327.66,0.862143,136.666,0.862143,177.978,0.862143,0
0.862857,329.709,0.862857,137.696,0.862857,176.203,0.862857,0
0.863571,331.785,0.863571,138.625,0.863571,174.407,0.863571,0
0.864286,333.882,0.864286,139.457,0.864286,172.591,0.864286,0
0.865,335.997,0.865,140.196,0.865,170.754,0.865,0
0.865714,338.124,0.865714,140.847,0.865714,168.902,0.865714,0
0.866429,340.258,0.866429,141.415,0.866429,167.038,0.866429,0
0.867143,342.395,0.867143,141.904,0.867143,165.164,0.867143,0
0.867857,344.53,0.867857,142.322,0.867857,163.282,0.867857,0
0.868571,346.66,0.868571,142.672,0.868571,161.395,0.868571,0
0.869286,348.781,0.869286,142.962,0.869286,159.504,0.869286,0
0.87,350.888,0.87,143.197,0.87,157.613,0.87,0
0.870714,352.978,0.870714,143.382,0.870714,155.723,0.870714,0
0.871429,355.049,0.871429,143.522,0.871429,153.836,0.871429,0
0.872143,357.095,0.872143,143.623,0.872143,151.954,0.872143,0
0.872857,359.115,0.872857,143.688,0.872857,150.079,0.872857,0
0.873571,361.106,0.873571,143.723,0.873571,148.215,0.873571,0
0.874286,363.063,0.874286,143.732,0.874286,146.361,0.874286,0
0.875,364.986,0.875,143.718,0.875,144.521,0.875,0
0.875714,366.87,0.875714,143.684,0.875714,142.697,0.875714,0
0.876429,368.713,0.876429,143.635,0.876429,140.889,0.876429,0
0.877143,370.514,0.877143,143.572,0.877143,139.101,0.877143,0
0.877857,372.268,0.877857,143.497,0.877857,137.333,0.877857,0
0.878571,373.975,0.878571,143.414,0.878571,135.588,0.878571,0
0.879286,375.632,0.879286,143.323,0.879286,133.867,0.879286,0
0.88,377.238,0.88,143.226,0.88,132.172,0.88,0
0.880714,378.789,0.880714,143.125,0.880714,130.504,0.880714,0
0.881429,380.285,0.881429,143.02,0.881429,128.865,0.881429,0
0.882143,381.724,0.882143,142.912,0.882143,127.256,0.882143,0
0.882857,383.103,0.882857,142.802,0.882857,125.678,0.882857,0
0.883571,384.422,0.883571,142.69,0.883571,124.134,0.883571,0
0.884286,385.68,0.884286,142.576,0.884286,122.623,0.884286,0
0.885,386.874,0.885,142.459,0.885,121.148,0.885,0
0.885714,388.003,0.885714,142.341,0.885714,119.709,0.885714,0
0.886429,389.067,0.886429,142.22,0.886429,118.308,0.886429,0
0.887143,390.064,0.887143,142.096,0.887143,116.945,0.887143,0
0.887857,390.994,0.887857,141.97,0.887857,115.618,0.887857,0
0.888571,391.855,0.888571,141.841,0.888571,114.33,0.888571,0
0.889286,392.647,0.889286,141.707,0.889286,113.081,0.889286,0
0.89,393.368,0.89,141.567,0.89,111.875,0.89,0
0.890714,394.016,0.890714,141.422,0.890714,110.712,0.890714,0
0.891429,394.592,0.891429,141.269,0.891429,109.593,0.891429,0
0.892143,395.094,0.892143,141.109,0.892143,108.519,0.892143,0
0.892857,395.521,0.892857,140.941,0.892857,107.492,0.892857,0
0.893571,395.872,0.893571,140.764,0.893571,106.511,0.893571,0
0.894286,396.146,0.894286,140.577,0.894286,105.579,0.894286,0
0.895,396.342,0.895,140.38,0.895,104.696,0.895,0
0.895714,396.459,0.895714,140.171,0.895714,103.862,0.895714,0
0.896429,396.496,0.896429,139.952,0.896429,103.08,0.896429,0
0.897143,396.454,0.897143,139.719,0.897143,102.349,0.897143,0
0.897857,396.33,0.897857,139.474,0.897857,101.672,0.897857,0
0.898571,396.125,0.898571,139.215,0.898571,101.048,0.898571,0
0.899286,395.84,0.899286,138.942,0.899286,100.481,0.899286,0
0.9,395.472,0.9,138.654,0.9,99.9694,0.9,0
0.900714,395.024,0.900714,138.358,0.900714,99.5179,0.900714,0
0.901429,394.497,0.901429,138.056,0.901429,99.1283,0.901429,0
0.902143,393.919,0.902143,137.726,0.902143,98.8111,0.902143,0
0.902857,393.417,0.902857,137.286,0.902857,98.6174,0.902857,0
0.903571,392.835,0.903571,136.821,0.903571,98.4739,0.903571,0
0.904286,392.348,0.904286,136.391,0.904286,98.1403,0.904286,0
0.905,391.792,0.905,135.923,0.905,97.8881,0.905,0
0.905714,391.12,0.905714,135.385,0.905714,97.809,0.905714,0
0.906429,390.356,0.906429,134.803,0.906429,97.8308,0.906429,0
0.907143,389.509,0.907143,134.186,0.907143,97.9297,0.907143,0
0.907857,388.607,0.907857,133.543,0.907857,98.0455,0.907857,0.147953
0.908571,387.679,0.908571,132.871,0.908571,98.1295,0.908571,0.510023
0.909286,386.716,0.909286,132.156,0.909286,98.2281,0.909286,0.873243
0.91,385.711,0.91,131.392,0.91,98.3698,0.91,1.20315
0.910714,384.66,0.910714,130.584,0.910714,98.5608,0.910714,1.53072
0.911429,383.56,0.911429,129.74,0.911429,98.8012,0.911429,1.87183
0.912143,382.416,0.912143,128.864,0.912143,99.0876,0.912143,2.22553
0.912857,381.23,0.912857,127.96,0.912857,99.4198,0.912857,2.5894
0.913571,380.002,0.913571,127.031,0.913571,99.7975,0.913571,2.96291
0.914286,378.734,0.914286,126.079,0.914286,100.221,0.914286,3.34591
0.915,377.428,0.915,125.107,0.915,100.689,0.915,3.73835
0.915714,376.079,0.915714,124.11,0.915714,101.201,0.915714,4.13614
0.916429,374.725,0.916429,123.126,0.916429,101.682,0.916429,4.4614
0.917143,373.347,0.917143,122.142,0.917143,102.153,0.917143,4.73241
0.917857,371.939,0.917857,121.154,0.917857,102.64,0.917857,4.99499
0.918571,370.499,0.918571,120.158,0.918571,103.149,0.918571,5.26752
0.919286,369.028,0.919286,119.157,0.919286,103.684,0.919286,5.55201
0.92,367.528,0.92,118.149,0.92,104.246,0.92,5.84731
0.920714,365.998,0.920714,117.135,0.920714,104.835,0.920714,6.15243
0.921429,364.44,0.921429,116.117,0.921429,105.453,0.921429,6.46658
0.922143,362.853,0.922143,115.094,0.922143,106.1,0.922143,6.78912
0.922857,361.238,0.922857,114.068,0.922857,106.776,0.922857,7.11954
0.923571,359.596,0.923571,113.038,0.923571,107.483,0.923571,7.45739
0.924286,357.926,0.924286,112.005,0.924286,108.22,0.924286,7.80228
0.925,356.228,0.925,110.971,0.925,108.987,0.925,8.15386
0.925714,354.495,0.925714,109.929,0.925714,109.81,0.925714,8.53756
0.926429,352.711,0.926429,108.862,0.926429,110.75,0.926429,9.01691
0.927143,350.887,0.927143,107.782,0.927143,111.775,0.927143,9.56225
0.927857,349.029,0.927857,106.696,0.927857,112.867,0.927857,10.1331
0.928571,347.136,0.928571,105.608,0.928571,114.015,0.928571,10.7118
0.929286,345.211,0.929286,104.522,0.929286,115.215,0.929286,11.2918
0.93,343.253,0.93,103.441,0.93,116.461,0.93,11.8706
0.930714,341.261,0.930714,102.367,0.930714,117.751,0.930714,12.4477
0.931429,339.235,0.931429,101.301,0.931429,119.084,0.931429,13.0231
0.932143,337.176,0.932143,100.245,0.932143,120.457,0.932143,13.5969
0.932857,335.083,0.932857,99.2,0.932857,121.869,0.932857,14.1693
0.933571,332.956,0.933571,98.1678,0.933571,123.318,0.933571,14.7403
0.934286,330.796,0.934286,97.1492,0.934286,124.804,0.934286,15.31
0.935,328.602,0.935,96.145,0.935,126.325,0.935,15.8782
0.935714,326.376,0.935714,95.1561,0.935714,127.88,0.935714,16.4448
0.936429,324.116,0.936429,94.1831,0.936429,129.47,0.936429,17.0095
0.937143,321.824,0.937143,93.2267,0.937143,131.092,0.937143,17.5721
0.937857,319.5,0.937857,92.2874,0.937857,132.747,0.937857,18.1322
0.938571,317.145,0.938571,91.3659,0.938571,134.433,0.938571,18.6897
0.939286,314.759,0.939286,90.4626,0.939286,136.151,0.939286,19.2441
0.94,312.342,0.94,89.5779,0.94,137.898,0.94,19.7952
0.940714,309.895,0.940714,88.7123,0.940714,139.675,0.940714,20.3426
0.941429,307.419,0.941429,87.866,0.941429,141.482,0.941429,20.8859
0.942143,304.913,0.942143,87.0395,0.942143,143.316,0.942143,21.425
0.942857,302.38,0.942857,86.2331,0.942857,145.179,0.942857,21.9594
0.943571,299.818,0.943571,85.447,0.943571,147.068,0.943571,22.4889
0.944286,297.229,0.944286,84.6817,0.944286,148.984,0.944286,23.0132
0.945,294.614,0.945,83.9372,0.945,150.926,0.945,23.532
0.945714,291.972,0.945714,83.214,0.945714,152.892,0.945714,24.0451
0.946429,289.305,0.946429,82.5123,0.946429,154.883,0.946429,24.5521
0.947143,286.613,0.947143,81.8323,0.947143,156.898,0.947143,25.0528
0.947857,283.897,0.947857,81.1742,0.947857,158.935,0.947857,25.5471
0.948571,281.157,0.948571,80.5383,0.948571,160.995,0.948571,26.0347
0.949286,278.394,0.949286,79.9248,0.949286,163.076,0.949286,26.5154
0.95,275.609,0.95,79.3339,0.95,165.177,0.95,26.9889
0.950714,272.807,0.950714,78.7718,0.950714,167.266,0.950714,27.4233
0.951429,270.023,0.951429,78.2727,0.951429,169.152,0.951429,27.6246
0.952143,267.194,0.952143,77.7755,0.952143,171.107,0.952143,27.8462
0.952857,264.328,0.952857,77.2807,0.952857,173.139,0.952857,28.1813
0.953571,261.435,0.953571,76.7949,0.953571,175.233,0.953571,28.5871
0.954286,258.522,0.954286,76.3235,0.954286,177.372,0.954286,29.0261
0.955,255.591,0.955,75.8704,0.955,179.546,0.955,29.4755
0.955714,252.647,0.955714,75.4382,0.955714,181.748,0.955714,29.9224
0.956429,249.688,0.956429,75.0289,0.956429,183.971,0.956429,30.36
0.957143,246.717,0.957143,74.6437,0.957143,186.212,0.957143,30.7853
0.957857,243.734,0.957857,74.2836,0.957857,188.468,0.957857,31.1971
0.958571,240.739,0.958571,73.9492,0.958571,190.737,0.958571,31.5952
0.959286,237.732,0.959286,73.6408,0.959286,193.017,0.959286,31.9801
0.96,234.869,0.96,73.3678,0.96,194.952,0.96,33.4504
0.960714,232.37,0.960714,73.0843,0.960714,196.118,0.960714,36.832
0.961429,230.047,0.961429,72.6548,0.961429,197.092,0.961429,39.6997
0.962143,227.837,0.962143,72.0575,0.962143,198.03,0.962143,42.2506
0.962857,225.71,0.962857,71.3003,0.962857,198.978,0.962857,44.5682
0.963571,223.647,0.963571,70.3991,0.963571,199.95,0.963571,46.7014
0.964286,221.637,0.964286,69.372,0.964286,200.95,0.964286,48.6848
0.965,219.669,0.965,68.2368,0.965,201.978,0.965,50.5458
0.965714,217.737,0.965714,67.0111,0.965714,203.032,0.965714,52.3064
0.966429,215.833,0.966429,65.7111,0.966429,204.107,0.966429,53.9848
0.967143,213.955,0.967143,64.3521,0.967143,205.199,0.967143,55.5964
0.967857,212.098,0.967857,62.9479,0.967857,206.304,0.967857,57.1538
0.968571,210.26,0.968571,61.5113,0.968571,207.417,0.968571,58.668
0.969286,208.439,0.969286,60.0535,0.969286,208.533,0.969286,60.1481
0.97,206.632,0.97,58.5847,0.97,209.649,0.97,61.6018
0.970714,204.838,0.970714,57.1137,0.970714,210.76,0.970714,63.0356
0.971429,203.057,0.971429,55.6483,0.971429,211.863,0.971429,64.4548
0.972143,201.286,0.972143,54.1953,0.972143,212.955,0.972143,65.864
0.972857,199.526,0.972857,52.7604,0.972857,214.033,0.972857,67.2668
0.973571,197.776,0.973571,51.3486,0.973571,215.093,0.973571,68.6653
0.974286,196.036,0.974286,49.9639,0.974286,216.134,0.974286,70.0621
0.975,194.305,0.975,48.6097,0.975,217.154,0.975,71.4593
0.975714,192.582,0.975714,47.2884,0.975714,218.152,0.975714,72.8582
0.976429,190.868,0.976429,46.0022,0.976429,219.126,0.976429,74.2596
0.977143,189.163,0.977143,44.7525,0.977143,220.074,0.977143,75.664
0.977857,187.466,0.977857,43.5404,0.977857,220.997,0.977857,77.0715
0.978571,185.777,0.978571,42.3667,0.978571,221.893,0.978571,78.4819
0.979286,184.098,0.979286,41.2317,0.979286,222.761,0.979286,79.8948
0.98,182.427,0.98,40.1356,0.98,223.601,0.98,81.3096
0.980714,180.765,0.980714,39.0782,0.980714,224.413,0.980714,82.7256
0.981429,179.113,0.981429,38.0595,0.981429,225.195,0.981429,84.1419
0.982143,177.471,0.982143,37.0789,0.982143,225.949,0.982143,85.5575
0.982857,175.838,0.982857,36.1361,0.982857,226.674,0.982857,86.9714
0.983571,174.217,0.983571,35.2305,0.983571,227.368,0.983571,88.3825
0.984286,172.606,0.984286,34.3615,0.984286,228.034,0.984286,89.7895
0.985,171.007,0.985,33.5286,0.985,228.67,0.985,91.1915
0.985714,169.42,0.985714,32.7312,0.985714,229.276,0.985714,92.5872
0.986429,167.846,0.986429,31.9688,0.986429,229.852,0.986429,93.9755
0.987143,166.284,0.987143,31.2408,0.987143,230.399,0.987143,95.3552
0.987857,164.735,0.987857,30.548,0.987857,230.914,0.987857,96.7267
0.988571,163.198,0.988571,29.8902,0.988571,231.397,0.988571,98.0891
0.989286,161.675,0.989286,29.2669,0.989286,231.849,0.989286,99.4411
0.99,160.165,0.99,28.6777,0.99,232.269,0.99,100.782
0.990714,158.67,0.990714,28.1222,0.990714,232.658,0.990714,102.11
0.991429,157.191,0.991429,27.6002,0.991429,233.015,0.991429,103.424
0.992143,155.728,0.992143,27.1115,0.992143,233.34,0.992143,104.724
0.992857,154.281,0.992857,26.6559,0.992857,233.633,0.992857,106.008
0.993571,152.852,0.993571,26.2332,0.993571,233.895,0.993571,107.276
0.994286,151.446,0.994286,25.8267,0.994286,234.153,0.994286,108.534
0.995,150.06,0.995,25.458,0.995,234.364,0.995,109.762
0.995714,148.693,0.995714,25.1243,0.995714,234.538,0.995714,110.969
0.996429,147.346,0.996429,24.825,0.996429,234.676,0.996429,112.155
0.997143,146.019,0.997143,24.5599,0.997143,234.781,0.997143,113.321
0.997857,144.713,0.997857,24.329,0.997857,234.85,0.997857,114.467
0.998571,143.427,0.998571,24.1326,0.998571,234.886,0.998571,115.591
0.999286,142.164,0.999286,23.9707,0.999286,234.886,0.999286,116.693
1,140.922,1,23.8436,1,234.851,1,117.773
