phi,coronal,sagittal
0,1,1
0.000714286,0,1
0.00142857,1,1
0.00214286,-1,1
0.00285714,0,1
0.00357143,-1,1
0.00428571,1,1
0.005,-1,1
0.00571429,0.11023,1
0.00642857,0.888635,1
0.00714286,0.799281,1
0.00785714,0.723109,1
0.00857143,0.670743,1
0.00928571,0.647266,1
0.01,0.660515,1
0.0107143,0.668472,1
0.0114286,0.645226,1
0.0121429,0.583391,1
0.0128571,0.559555,1
0.0135714,0.545099,1
0.0142857,0.526307,1
0.015,0.508066,1
0.0157143,0.493407,1
0.0164286,0.48051,1
0.0171429,0.468569,1
0.0178571,0.459893,1
0.0185714,0.452066,1
0.0192857,0.446897,1
0.02,0.44196,1
0.0207143,0.439307,1
0.0214286,0.436494,1
0.0221429,0.435605,1
0.0228571,0.434209,1
0.0235714,0.434503,1
0.0242857,0.434135,1
0.025,0.435252,1
0.0257143,0.436254,1
0.0264286,0.43647,1
0.0271429,0.438528,1
0.0278571,0.440441,1
0.0285714,0.441998,1
0.0292857,0.443723,1
0.03,0.44572,1
0.0307143,0.447893,1
0.0314286,0.450156,1
0.0321429,0.452078,1
0.0328571,0.453866,1
0.0335714,0.455587,1
0.0342857,0.457238,1
0.035,0.458787,1
0.0357143,0.460183,1
0.0364286,0.461433,1
0.0371429,0.462564,1
0.0378571,0.463526,1
0.0385714,0.466016,1
0.0392857,0.468616,1
0.04,0.47083,1
0.0407143,0.47248,1
0.0414286,0.476096,1
0.0421429,0.477639,1
0.0428571,0.478529,1
0.0435714,0.481117,1
0.0442857,0.482128,1
0.045,0.482624,1
0.0457143,0.483275,1
0.0464286,0.484823,1
0.0471429,0.486558,1
0.0478571,0.488712,1
0.0485714,0.4928,1
0.0492857,0.49586,1
0.05,0.498141,1
0.0507143,0.499701,1
0.0514286,0.503365,1
0.0521429,0.507248,1
0.0528571,0.504275,1
0.0535714,0.504874,1
0.0542857,0.505827,1
0.055,0.50691,1
0.0557143,0.507605,1
0.0564286,0.508292,1
0.0571429,0.508794,1
0.0578571,0.508932,1
0.0585714,0.509035,1
0.0592857,0.508862,1
0.06,0.508544,1
0.0607143,0.508255,1
0.0614286,0.507872,1
0.0621429,0.507399,1
0.0628571,0.506877,1
0.0635714,0.506324,1
0.0642857,0.505755,1
0.065,0.505178,1
0.0657143,0.504601,1
0.0664286,0.504029,1
0.0671429,0.503466,1
0.0678571,0.457061,1
0.0685714,0.455526,1
0.0692857,0.471733,1
0.07,0.311692,0.530436
0.0707143,0.697227,0.610527
0.0714286,0.657029,0.628821
0.0721429,0.344632,0.617869
0.0728571,0.69438,0.608003
0.0735714,0.665021,0.614312
0.0742857,0.344585,0.605677
0.075,0.707922,0.592939
0.0757143,0.671784,0.605848
0.0764286,0.647196,0.607882
0.0771429,0.326455,0.597996
0.0778571,0.392661,0.615361
0.0785714,0.738058,0.575142
0.0792857,0.683747,0.600927
0.08,0.657306,0.60044
0.0807143,0.635364,0.597845
0.0814286,0.306698,0.582258
0.0821429,0.36137,0.601939
0.0828571,0.70736,0.575533
0.0835714,0.649441,0.578958
0.0842857,0.302918,0.56944
0.085,0.344837,0.572582
0.0857143,0.714751,0.440698
0.0864286,0.630824,0.620633
0.0871429,0.285058,0.457962
0.0878571,0.355906,0.630532
0.0885714,0.683101,0.581236
0.0892857,0.322838,0.447127
0.09,0.66882,0.620591
0.0907143,0.662306,0.45059
0.0914286,0.326698,0.632136
0.0921429,0.332288,0.589373
0.0928571,0.696652,0.446524
0.0935714,0.314761,0.618294
0.0942857,0.312572,0.458549
0.095,0.648835,0.633539
0.0957143,0.328042,0.589273
0.0964286,0.678904,0.439909
0.0971429,0.339093,0.625707
0.0978571,0.6747,0.451151
0.0985714,0.333115,0.631352
0.0992857,0.33377,0.590904
0.1,0.679088,0.439551
0.100714,0.339089,0.626159
0.101429,0.669355,0.450357
0.102143,0.329854,0.631918
0.102857,0.326798,0.591069
0.103571,0.667388,0.438413
0.104286,0.331895,0.62713
0.105,0.311465,0.458172
0.105714,0.634212,0.637906
0.106429,0.317668,0.589917
0.107143,0.654617,0.437261
0.107857,0.324178,0.628286
0.108571,0.29953,0.461457
0.109286,0.62473,0.63761
0.11,0.304576,0.586796
0.110714,0.310654,0.44924
0.111429,0.629076,0.633485
0.112143,0.291152,0.463042
0.112857,0.340364,0.631976
0.113571,0.639719,0.595855
0.114286,0.291363,0.449064
0.115,0.332323,0.626591
0.115714,0.651614,0.446966
0.116429,0.322222,0.635463
0.117143,0.305839,0.588539
0.117857,0.311171,0.451264
0.118571,0.628872,0.634988
0.119286,0.311162,0.586853
0.12,0.310465,0.449662
0.120714,0.62818,0.633689
0.121429,0.287271,0.462706
0.122143,0.339517,0.630457
0.122857,0.639416,0.596225
0.123571,0.291171,0.449262
0.124286,0.332308,0.625786
0.125,0.652611,0.446252
0.125714,0.322566,0.634559
0.126429,0.308419,0.588409
0.127143,0.314505,0.449759
0.127857,0.632869,0.633342
0.128571,0.295004,0.461223
0.129286,0.621514,0.637073
0.13,0.302376,0.586157
0.130714,0.30981,0.447669
0.131429,0.630146,0.631279
0.132143,0.29103,0.46135
0.132857,0.34175,0.630598
0.133571,0.646145,0.5915
0.134286,0.296119,0.445344
0.135,0.336492,0.623926
0.135714,0.660329,0.443533
0.136429,0.325902,0.630046
0.137143,0.32098,0.588384
0.137857,0.660005,0.434086
0.138571,0.326273,0.62358
0.139286,0.307922,0.453569
0.14,0.636076,0.630819
0.140714,0.311003,0.582595
0.141429,0.324005,0.440932
0.142143,0.644404,0.624865
0.142857,0.305682,0.450304
0.143571,0.632117,0.629543
0.144286,0.30843,0.58027
0.145,0.323121,0.438024
0.145714,0.645199,0.621735
0.146429,0.30615,0.447093
0.147143,0.633947,0.626327
0.147857,0.295383,0.452593
0.148571,0.344027,0.623362
0.149286,0.66544,0.577499
0.15,0.306567,0.436312
0.150714,0.343196,0.615043
0.151429,0.681829,0.437776
0.152143,0.325211,0.600278
0.152857,0.664863,0.436024
0.153571,0.327281,0.622465
0.154286,0.328555,0.579378
0.155,0.675124,0.423208
0.155714,0.334266,0.610309
0.156429,0.668248,0.429049
0.157143,0.328999,0.614676
0.157857,0.662118,0.430604
0.158571,0.324685,0.616183
0.159286,0.327994,0.572612
0.16,0.680016,0.420216
0.160714,0.29583,0.586142
0.161429,0.641586,0.422446
0.162143,0.305522,0.608633
0.162857,0.319867,0.437841
0.163571,0.65709,0.61246
0.164286,0.316517,0.568818
0.165,0.671944,0.417319
0.165714,0.295506,0.593213
0.166429,0.318138,0.429439
0.167143,0.654295,0.606655
0.167857,0.315106,0.427587
0.168571,0.65178,0.606411
0.169286,0.306983,0.43235
0.17,0.352939,0.608101
0.170714,0.697343,0.427262
0.171429,0.611261,0.608266
0.172143,0.273005,0.435219
0.172857,0.322225,0.595808
0.173571,0.360293,0.414714
0.174286,0.686175,0.601023
0.175,0.631905,0.408345
0.175714,0.303174,0.600484
0.176429,0.32778,0.424184
0.177143,0.670841,0.598816
0.177857,0.295899,0.429608
0.178571,0.343333,0.599239
0.179286,0.695689,0.420679
0.18,0.621465,0.599342
0.180714,0.279521,0.426676
0.181429,0.330256,0.590633
0.182143,0.688456,0.41709
0.182857,0.315392,0.589249
0.183571,0.669373,0.410156
0.184286,0.297993,0.570005
0.185,0.349673,0.411472
0.185714,0.693603,0.58727
0.186429,0.627111,0.397632
0.187143,0.295627,0.58801
0.187857,0.349857,0.408152
0.188571,0.688458,0.590185
0.189286,0.631503,0.398669
0.19,0.294212,0.585083
0.190714,0.35019,0.409285
0.191429,0.696021,0.586643
0.192143,0.639081,0.398421
0.192857,0.309343,0.589994
0.193571,0.361197,0.400596
0.194286,0.699494,0.58494
0.195,0.642281,0.39595
0.195714,0.311384,0.587598
0.196429,0.366167,0.399405
0.197143,0.713981,0.577111
0.197857,0.652523,0.400598
0.198571,0.310655,0.584793
0.199286,0.673503,0.405088
0.2,0.314648,0.582323
0.200714,0.711895,0.480193
0.201429,0.346995,0.660038
0.202143,0.659411,0.623063
0.202857,0.286916,0.488396
0.203571,0.654908,0.657544
0.204286,0.343693,0.624564
0.205,0.723108,0.483183
0.205714,0.614467,0.660424
0.206429,0.310155,0.610232
0.207143,0.346487,0.469041
0.207857,0.689905,0.649102
0.208571,0.661774,0.62004
0.209286,0.631296,0.603297
0.21,0.279661,0.465942
0.210714,0.380291,0.654379
0.211429,0.745208,0.483106
0.212143,0.637576,0.65076
0.212857,0.3314,0.609343
0.213571,0.717236,0.468164
0.214286,0.356697,0.64547
0.215,0.694882,0.597756
0.215714,0.677594,0.458956
0.216429,0.337976,0.645178
0.217143,0.376762,0.615252
0.217857,0.761848,0.472795
0.218571,0.665436,0.631798
0.219286,0.664124,0.463282
0.22,0.328651,0.647221
0.220714,0.370093,0.617909
0.221429,0.750346,0.471859
0.222143,0.65394,0.639009
0.222857,0.639298,0.604121
0.223571,0.29094,0.45959
0.224286,0.387492,0.635765
0.225,0.760968,0.482955
0.225714,0.656313,0.646318
0.226429,0.644082,0.608772
0.227143,0.298046,0.462018
0.227857,0.669607,0.637961
0.228571,0.356767,0.612524
0.229286,0.738179,0.466775
0.23,0.652291,0.642101
0.230714,0.642014,0.605748
0.231429,0.29734,0.460782
0.232143,0.403305,0.656991
0.232857,0.763965,0.484788
0.233571,0.663795,0.646096
0.234286,0.660697,0.60527
0.235,0.305747,0.467945
0.235714,0.677747,0.642467
0.236429,0.664398,0.610797
0.237143,0.318388,0.466009
0.237857,0.681004,0.630925
0.238571,0.658518,0.620799
0.239286,0.317038,0.469506
0.24,0.674796,0.647173
0.240714,0.663872,0.614368
0.241429,0.319935,0.469494
0.242143,0.676112,0.648593
0.242857,0.665535,0.616143
0.243571,0.679664,0.468534
0.244286,0.349022,0.656367
0.245,0.398209,0.628654
0.245714,0.776506,0.486407
0.246429,0.689878,0.627133
0.247143,0.658777,0.621688
0.247857,0.67603,0.472135
0.248571,0.347913,0.659806
0.249286,0.398036,0.632947
0.25,0.776273,0.490297
0.250714,0.684436,0.641755
0.251429,0.664467,0.619231
0.252143,0.680282,0.476696
0.252857,0.346584,0.648341
0.253571,0.407073,0.646204
0.254286,0.779713,0.49688
0.255,0.687232,0.645358
0.255714,0.668144,0.623082
0.256429,0.644051,0.617029
0.257143,0.305141,0.480439
0.257857,0.664955,0.658427
0.258571,0.658916,0.627586
0.259286,0.319156,0.487328
0.26,0.675422,0.662202
0.260714,0.668759,0.632046
0.261429,0.655788,0.61967
0.262143,0.315915,0.484269
0.262857,0.670809,0.663045
0.263571,0.665127,0.633024
0.264286,0.652972,0.62128
0.265,0.31405,0.486177
0.265714,0.673953,0.652164
0.266429,0.659605,0.642147
0.267143,0.368863,0.632556
0.267857,0.762639,0.502546
0.268571,0.649786,0.66709
0.269286,0.648755,0.635437
0.27,0.31168,0.496837
0.270714,0.669958,0.670308
0.271429,0.665768,0.640643
0.272143,0.65513,0.628837
0.272857,0.315496,0.496877
0.273571,0.672244,0.671183
0.274286,0.668058,0.642363
0.275,0.657476,0.631093
0.275714,0.319678,0.498423
0.276429,0.673494,0.673923
0.277143,0.669695,0.644926
0.277857,0.659337,0.63359
0.278571,0.704463,0.502189
0.279286,0.373309,0.684768
0.28,0.670839,0.638223
0.280714,0.383721,0.644042
0.281429,0.770432,0.514052
0.282143,0.65367,0.676214
0.282857,0.654047,0.645812
0.283571,0.646696,0.634743
0.284286,0.3067,0.505854
0.285,0.668018,0.6765
0.285714,0.665594,0.648781
0.286429,0.656952,0.638145
0.287143,0.370492,0.640235
0.287857,0.768472,0.516776
0.288571,0.646679,0.678551
0.289286,0.648781,0.648252
0.29,0.370459,0.64537
0.290714,0.763073,0.517713
0.291429,0.648695,0.667968
0.292143,0.642349,0.656746
0.292857,0.365088,0.645781
0.293571,0.761526,0.52072
0.294286,0.643434,0.682088
0.295,0.385152,0.660144
0.295714,0.69995,0.627296
0.296429,0.674613,0.634351
0.297143,0.73399,0.519316
0.297857,0.385263,0.69127
0.298571,0.673949,0.648886
0.299286,0.664302,0.641499
0.3,0.655417,0.63669
0.300714,0.32308,0.508139
0.301429,0.671784,0.681444
0.302143,0.670305,0.654415
0.302857,0.662418,0.644267
0.303571,0.656807,0.637224
0.304286,0.32122,0.510066
0.305,0.670095,0.68389
0.305714,0.669286,0.655916
0.306429,0.66184,0.645251
0.307143,0.653515,0.639893
0.307857,0.322679,0.509735
0.308571,0.670515,0.684274
0.309286,0.669904,0.656363
0.31,0.662672,0.645735
0.310714,0.654584,0.640354
0.311429,0.324386,0.510108
0.312143,0.671415,0.684501
0.312857,0.671118,0.656602
0.313571,0.664175,0.64597
0.314286,0.661428,0.637417
0.315,0.324584,0.511953
0.315714,0.671612,0.685336
0.316429,0.672023,0.656947
0.317143,0.665621,0.646031
0.317857,0.66376,0.636815
0.318571,0.716692,0.517152
0.319286,0.382359,0.696091
0.32,0.667895,0.648865
0.320714,0.394843,0.655628
0.321429,0.703109,0.62444
0.322143,0.764116,0.526847
0.322857,0.642819,0.688488
0.323571,0.651088,0.654632
0.324286,0.649838,0.642063
0.325,0.322949,0.510904
0.325714,0.670854,0.683262
0.326429,0.673248,0.654931
0.327143,0.668798,0.643945
0.327857,0.663092,0.638452
0.328571,0.338599,0.50633
0.329286,0.677818,0.684579
0.33,0.68043,0.655256
0.330714,0.675705,0.64376
0.331429,0.675502,0.63219
0.332143,0.730419,0.516885
0.332857,0.391068,0.692368
0.333571,0.677109,0.647267
0.334286,0.672031,0.638914
0.335,0.667953,0.632603
0.335714,0.725835,0.51351
0.336429,0.392363,0.693636
0.337143,0.678796,0.642936
0.337857,0.673447,0.636224
0.338571,0.73647,0.515767
0.339286,0.398536,0.693323
0.34,0.684187,0.642591
0.340714,0.678531,0.63588
0.341429,0.673762,0.629741
0.342143,0.731576,0.511386
0.342857,0.397236,0.691622
0.343571,0.684429,0.64111
0.344286,0.685142,0.62963
0.345,0.74,0.515433
0.345714,0.638902,0.681301
0.346429,0.388239,0.659841
0.347143,0.702951,0.621704
0.347857,0.68373,0.627247
0.348571,0.747777,0.51386
0.349286,0.642418,0.678549
0.35,0.389778,0.657668
0.350714,0.702193,0.620347
0.351429,0.757219,0.516031
0.352143,0.651039,0.678049
0.352857,0.661971,0.644246
0.353571,0.663018,0.631704
0.354286,0.341063,0.496742
0.355,0.681575,0.675571
0.355714,0.686623,0.645693
0.356429,0.696395,0.626173
0.357143,0.679528,0.627516
0.357857,0.73429,0.508591
0.358571,0.638258,0.677041
0.359286,0.384928,0.655362
0.36,0.701427,0.617721
0.360714,0.752496,0.511659
0.361429,0.651109,0.674192
0.362143,0.661997,0.640663
0.362857,0.386947,0.643153
0.363571,0.771592,0.507574
0.364286,0.666546,0.668889
0.365,0.673882,0.638657
0.365714,0.675644,0.624578
0.366429,0.725823,0.50225
0.367143,0.39464,0.684785
0.367857,0.688679,0.632586
0.368571,0.686973,0.621715
0.369286,0.740291,0.505679
0.37,0.643826,0.672292
0.370714,0.386125,0.651552
0.371429,0.703536,0.613847
0.372143,0.755356,0.50772
0.372857,0.653566,0.670575
0.373571,0.663619,0.636906
0.374286,0.384042,0.637971
0.375,0.773047,0.50354
0.375714,0.667224,0.665196
0.376429,0.682127,0.629176
0.377143,0.669084,0.62434
0.377857,0.718046,0.496913
0.378571,0.38888,0.68122
0.379286,0.687285,0.628523
0.38,0.682211,0.619304
0.380714,0.728695,0.497672
0.381429,0.395477,0.680247
0.382143,0.703162,0.621748
0.382857,0.684916,0.620369
0.383571,0.735963,0.499727
0.384286,0.641656,0.66888
0.385,0.378952,0.645786
0.385714,0.756911,0.501213
0.386429,0.65717,0.663882
0.387143,0.659278,0.633294
0.387857,0.370278,0.631857
0.388571,0.758465,0.499048
0.389286,0.652306,0.666075
0.39,0.656037,0.634638
0.390714,0.328613,0.492145
0.391429,0.672736,0.671341
0.392143,0.674381,0.639429
0.392857,0.668778,0.626224
0.393571,0.713693,0.493637
0.394286,0.382059,0.678134
0.395,0.680157,0.628707
0.395714,0.676377,0.617794
0.396429,0.34693,0.482412
0.397143,0.682186,0.666552
0.397857,0.685545,0.633579
0.398571,0.686243,0.614037
0.399286,0.726242,0.491452
0.4,0.639933,0.663799
0.400714,0.372051,0.637551
0.401429,0.748708,0.490913
0.402143,0.662008,0.656633
0.402857,0.669908,0.622601
0.403571,0.351474,0.47362
0.404286,0.686145,0.658792
0.405,0.691293,0.624145
0.405714,0.693459,0.603502
0.406429,0.726033,0.480296
0.407143,0.648877,0.652472
0.407857,0.372628,0.626926
0.408571,0.752285,0.479162
0.409286,0.671635,0.644261
0.41,0.684121,0.60654
0.410714,0.710682,0.470785
0.411429,0.38544,0.65816
0.412143,0.705813,0.596752
0.412857,0.727483,0.46822
0.413571,0.665171,0.641397
0.414286,0.67644,0.602773
0.415,0.360829,0.447167
0.415714,0.692353,0.638653
0.416429,0.707179,0.595316
0.417143,0.727579,0.464854
0.417857,0.666804,0.633833
0.418571,0.679302,0.593955
0.419286,0.364174,0.436768
0.42,0.69535,0.629837
0.420714,0.707088,0.58691
0.421429,0.718984,0.449315
0.422143,0.681148,0.608676
0.422857,0.708233,0.455189
0.423571,0.386066,0.642561
0.424286,0.718462,0.574573
0.425,0.723431,0.441813
0.425714,0.692006,0.611339
0.426429,0.716393,0.450315
0.427143,0.672931,0.61839
0.427857,0.370416,0.591479
0.428571,0.739282,0.431655
0.429286,0.708332,0.598564
0.43,0.735862,0.446311
0.430714,0.696115,0.603291
0.431429,0.714048,0.440006
0.432143,0.679128,0.609059
0.432857,0.380605,0.417515
0.433571,0.708759,0.611265
0.434286,0.723637,0.561297
0.435,0.713254,0.420762
0.435714,0.699151,0.593528
0.436429,0.706599,0.426234
0.437143,0.687146,0.599701
0.437857,0.701444,0.426215
0.438571,0.385667,0.614588
0.439286,0.744409,0.430015
0.44,0.718573,0.582538
0.440714,0.726927,0.428253
0.441429,0.705285,0.585783
0.442143,0.704801,0.417094
0.442857,0.693811,0.591163
0.443571,0.700732,0.416785
0.444286,0.69259,0.587051
0.445,0.394502,0.393397
0.445714,0.728806,0.583541
0.446429,0.725954,0.42641
0.447143,0.716637,0.579363
0.447857,0.711958,0.417883
0.448571,0.698884,0.583397
0.449286,0.699218,0.408885
0.45,0.697956,0.579949
0.450714,0.398905,0.386489
0.451429,0.730385,0.57701
0.452143,0.727649,0.419771
0.452857,0.717225,0.572666
0.453571,0.714991,0.411079
0.454286,0.70622,0.572115
0.455,0.696729,0.402616
0.455714,0.701878,0.573
0.456429,0.695071,0.403929
0.457143,0.392714,0.417659
0.457857,0.722473,0.593253
0.458571,0.738898,0.535437
0.459286,0.706417,0.392395
0.46,0.731429,0.444193
0.460714,0.715965,0.575271
0.461429,0.702687,0.40726
0.462143,0.700266,0.573745
0.462857,0.692372,0.399863
0.463571,0.381388,0.589078
0.464286,0.731366,0.396336
0.465,0.752686,0.447219
0.465714,0.729706,0.57087
0.466429,0.717034,0.409493
0.467143,0.716282,0.565895
0.467857,0.697655,0.394536
0.468571,0.708258,0.567711
0.469286,0.694459,0.396512
0.47,0.71575,0.43852
0.470714,0.696289,0.582763
0.471429,0.400448,0.379868
0.472143,0.737692,0.569613
0.472857,0.719868,0.412649
0.473571,0.721484,0.566204
0.474286,0.710119,0.404696
0.475,0.707907,0.566855
0.475714,0.69345,0.397648
0.476429,0.714362,0.439408
0.477143,0.694176,0.584545
0.477857,0.398478,0.381549
0.478571,0.736729,0.571991
0.479286,0.718984,0.414942
0.48,0.720478,0.569183
0.480714,0.708723,0.407522
0.481429,0.706912,0.570386
0.482143,0.693568,0.401686
0.482857,0.698488,0.573853
0.483571,0.397907,0.380376
0.484286,0.726635,0.574485
0.485,0.728079,0.415594
0.485714,0.712015,0.572059
0.486429,0.702717,0.402783
0.487143,0.703805,0.57591
0.487857,0.698167,0.405337
0.488571,0.717098,0.447582
0.489286,0.688927,0.594108
0.49,0.366363,0.563225
0.490714,0.732869,0.400213
0.491429,0.759755,0.456604
0.492143,0.72054,0.58072
0.492857,0.719861,0.420736
0.493571,0.706035,0.581285
0.494286,0.708036,0.416355
0.495,0.694705,0.584815
0.495714,0.692871,0.414928
0.496429,0.379728,0.607705
0.497143,0.74583,0.424549
0.497857,0.742696,0.461998
0.498571,0.697549,0.605332
0.499286,0.712681,0.554702
0.5,0.698208,0.411156
0.500714,0.721078,0.463297
0.501429,0.677473,0.609331
0.502143,0.36734,0.580673
0.502857,0.735828,0.418231
0.503571,0.75548,0.475296
0.504286,0.696664,0.611893
0.505,0.71057,0.563262
0.505714,0.703514,0.420981
0.506429,0.68607,0.601256
0.507143,0.702214,0.434277
0.507857,0.384716,0.626742
0.508571,0.748287,0.444843
0.509286,0.708322,0.602195
0.51,0.726603,0.448332
0.510714,0.68231,0.618104
0.511429,0.695384,0.57596
0.512143,0.701431,0.434544
0.512857,0.385534,0.630529
0.513571,0.754017,0.452576
0.514286,0.702032,0.610658
0.515,0.730033,0.457489
0.515714,0.676887,0.627674
0.516429,0.692383,0.58602
0.517143,0.705508,0.445893
0.517857,0.387696,0.641237
0.518571,0.751869,0.462948
0.519286,0.70103,0.621397
0.52,0.697768,0.594118
0.520714,0.717336,0.454179
0.521429,0.66855,0.634595
0.522143,0.381389,0.61479
0.522857,0.766871,0.464861
0.523571,0.696476,0.624075
0.524286,0.74068,0.477381
0.525,0.669573,0.646803
0.525714,0.682692,0.609187
0.526429,0.717762,0.465818
0.527143,0.395169,0.660191
0.527857,0.713482,0.599044
0.528571,0.749877,0.48081
0.529286,0.677039,0.635611
0.53,0.682035,0.620287
0.530714,0.724966,0.479257
0.531429,0.656086,0.65577
0.532143,0.387975,0.638734
0.532857,0.76418,0.487376
0.533571,0.679533,0.654618
0.534286,0.697924,0.618425
0.535,0.685821,0.614985
0.535714,0.733172,0.48678
0.536429,0.656012,0.664456
0.537143,0.395139,0.648401
0.537857,0.77051,0.499495
0.538571,0.681025,0.653936
0.539286,0.692901,0.635717
0.54,0.686163,0.627038
0.540714,0.743911,0.50494
0.541429,0.650636,0.676447
0.542143,0.665052,0.643894
0.542857,0.396445,0.650959
0.543571,0.777332,0.510195
0.544286,0.672248,0.675738
0.545,0.681952,0.648673
0.545714,0.690588,0.633577
0.546429,0.680527,0.636028
0.547143,0.755831,0.520147
0.547857,0.649083,0.684833
0.548571,0.662666,0.656014
0.549286,0.405088,0.665443
0.55,0.704782,0.630238
0.550714,0.782446,0.534263
0.551429,0.661799,0.690902
0.552143,0.673324,0.664215
0.552857,0.676056,0.655998
0.553571,0.683762,0.647554
0.554286,0.676743,0.651706
0.555,0.673641,0.651774
0.555714,0.766177,0.542106
0.556429,0.645452,0.697896
0.557143,0.65872,0.672928
0.557857,0.417037,0.685926
0.558571,0.70751,0.647113
0.559286,0.697434,0.653783
0.56,0.691313,0.656938
0.560714,0.687006,0.65878
0.561429,0.683716,0.660269
0.562143,0.6812,0.661662
0.562857,0.67936,0.66303
0.563571,0.678122,0.664397
0.564286,0.677317,0.665618
0.565,0.676897,0.666963
0.565714,0.676843,0.668368
0.566429,0.677103,0.669801
0.567143,0.677602,0.671264
0.567857,0.678274,0.672753
0.568571,0.679057,0.674269
0.569286,0.670883,0.68082
0.57,0.682598,0.674452
0.570714,0.671975,0.683554
0.571429,0.685019,0.676711
0.572143,0.672306,0.687221
0.572857,0.675142,0.686132
0.573571,0.689329,0.679175
0.574286,0.673269,0.69268
0.575,0.691457,0.682147
0.575714,0.672347,0.696852
0.576429,0.675909,0.694451
0.577143,0.695487,0.684101
0.577857,0.672438,0.702052
0.578571,0.676282,0.699099
0.579286,0.69859,0.686906
0.58,0.671924,0.707353
0.580714,0.676215,0.703656
0.581429,0.701442,0.689698
0.582143,0.671156,0.712421
0.582857,0.675918,0.708026
0.583571,0.704156,0.692472
0.584286,0.670303,0.717249
0.585,0.675542,0.712213
0.585714,0.678272,0.711424
0.586429,0.707847,0.695377
0.587143,0.670808,0.723224
0.587857,0.67644,0.71755
0.588571,0.710685,0.698421
0.589286,0.669492,0.727999
0.59,0.675683,0.721681
0.590714,0.678965,0.720252
0.591429,0.714568,0.700958
0.592143,0.67009,0.733526
0.592857,0.676644,0.726666
0.593571,0.680065,0.725099
0.594286,0.718456,0.703794
0.595,0.670302,0.739212
0.595714,0.677177,0.732016
0.596429,0.680801,0.730301
0.597143,0.722426,0.706611
0.597857,0.670388,0.744779
0.598571,0.677535,0.737395
0.599286,0.725264,0.709746
0.6,0.668447,0.749015
0.600714,0.675772,0.74214
0.601429,0.68022,0.739957
0.602143,0.729807,0.711963
0.602857,0.66985,0.753748
0.603571,0.677607,0.746547
0.604286,0.682299,0.74439
0.605,0.734964,0.714126
0.605714,0.671404,0.758728
0.606429,0.67927,0.75175
0.607143,0.684094,0.749658
0.607857,0.740082,0.716321
0.608571,0.672626,0.763856
0.609286,0.680342,0.757412
0.61,0.685249,0.755317
0.610714,0.744635,0.718609
0.611429,0.67325,0.768988
0.612143,0.681242,0.761883
0.612857,0.74662,0.721394
0.613571,0.670062,0.773558
0.614286,0.678998,0.765078
0.615,0.684272,0.762682
0.615714,0.74974,0.722974
0.616429,0.671314,0.776992
0.617143,0.680206,0.768535
0.617857,0.685405,0.766231
0.618571,0.752621,0.725121
0.619286,0.671573,0.78143
0.62,0.680735,0.772468
0.620714,0.686013,0.770018
0.621429,0.756081,0.72729
0.622143,0.672121,0.785892
0.622857,0.681573,0.776592
0.623571,0.686907,0.774123
0.624286,0.758556,0.729979
0.625,0.671343,0.791094
0.625714,0.681141,0.781043
0.626429,0.68664,0.778277
0.627143,0.760818,0.73275
0.627857,0.670428,0.795926
0.628571,0.68065,0.785307
0.629286,0.686386,0.782353
0.63,0.763363,0.735658
0.630714,0.669705,0.800648
0.631429,0.680355,0.789556
0.632143,0.686347,0.786462
0.632857,0.766393,0.738622
0.633571,0.669165,0.80553
0.634286,0.680277,0.793916
0.635,0.686543,0.790655
0.635714,0.769872,0.74157
0.636429,0.668796,0.810519
0.637143,0.680375,0.798345
0.637857,0.686904,0.794895
0.638571,0.773595,0.744461
0.639286,0.668518,0.815577
0.64,0.680561,0.802798
0.640714,0.68734,0.799136
0.641429,0.777328,0.747386
0.642143,0.668213,0.820809
0.642857,0.680771,0.807291
0.643571,0.687805,0.803365
0.644286,0.781027,0.750344
0.645,0.667846,0.826203
0.645714,0.680974,0.81181
0.646429,0.688275,0.807564
0.647143,0.784713,0.753238
0.647857,0.667448,0.831585
0.648571,0.681147,0.816279
0.649286,0.687963,0.81502
0.65,0.698023,0.809139
0.650714,0.796147,0.75132
0.651429,0.682232,0.831637
0.652143,0.697906,0.81394
0.652857,0.801656,0.749659
0.653571,0.677206,0.837234
0.654286,0.692859,0.815763
0.655,0.798763,0.749377
0.655714,0.669566,0.837084
0.656429,0.68452,0.815317
0.657143,0.628101,0.966861
0.657857,0.653771,0.884532
0.658571,0.668368,0.835079
0.659286,0.68068,0.792859
0.66,0.68351,0.771296
0.660714,0.772031,0.69956
0.661429,0.650054,0.78601
0.662143,0.659347,0.762796
0.662857,0.731671,0.704382
0.663571,0.642349,0.769372
0.664286,0.651013,0.753457
0.665,0.655434,0.746162
0.665714,0.658091,0.743024
0.666429,0.660206,0.741665
0.667143,0.663413,0.738014
0.667857,0.666357,0.734582
0.668571,0.668286,0.733128
0.669286,0.669725,0.732331
0.67,0.711051,0.706861
0.670714,0.657137,0.746758
0.671429,0.664152,0.736745
0.672143,0.667761,0.732668
0.672857,0.6699,0.73099
0.673571,0.671471,0.73013
0.674286,0.672736,0.72956
0.675,0.71309,0.704396
0.675714,0.660103,0.743498
0.676429,0.666676,0.733468
0.677143,0.669815,0.729232
0.677857,0.671456,0.727321
0.678571,0.672487,0.726198
0.679286,0.710789,0.701477
0.68,0.659759,0.738941
0.680714,0.665845,0.729219
0.681429,0.668504,0.72536
0.682143,0.669991,0.723248
0.682857,0.670906,0.721829
0.683571,0.705824,0.698735
0.684286,0.658849,0.732851
0.685,0.663896,0.724311
0.685714,0.665908,0.721073
0.686429,0.667092,0.718973
0.687143,0.667882,0.7172
0.687857,0.668346,0.715655
0.688571,0.668528,0.714291
0.689286,0.697057,0.694522
0.69,0.657379,0.722932
0.690714,0.66101,0.715755
0.691429,0.662247,0.712732
0.692143,0.662839,0.710577
0.692857,0.663123,0.708664
0.693571,0.663153,0.706917
0.694286,0.662872,0.705536
0.695,0.66241,0.704303
0.695714,0.661832,0.703112
0.696429,0.661164,0.701925
0.697143,0.660421,0.700729
0.697857,0.659611,0.69952
0.698571,0.658742,0.698295
0.699286,0.657821,0.697056
0.7,0.656855,0.695802
0.700714,0.655849,0.694532
0.701429,0.654846,0.69317
0.702143,0.653811,0.691806
0.702857,0.652741,0.690467
0.703571,0.651641,0.689165
0.704286,0.650517,0.687905
0.705,0.649378,0.686687
0.705714,0.41231,0.707894
0.706429,0.693702,0.669706
0.707143,0.68263,0.678304
0.707857,0.661431,0.6903
0.708571,0.659011,0.686506
0.709286,0.655576,0.684888
0.71,0.652289,0.683179
0.710714,0.649263,0.681151
0.711429,0.646453,0.678908
0.712143,0.399204,0.696255
0.712857,0.684744,0.664807
0.713571,0.672894,0.672147
0.714286,0.664684,0.674977
0.715,0.657769,0.675765
0.715714,0.64564,0.678904
0.716429,0.395111,0.691687
0.717143,0.683536,0.662386
0.717857,0.670414,0.669432
0.718571,0.66083,0.672027
0.719286,0.652596,0.672767
0.72,0.642271,0.675414
0.720714,0.38652,0.686109
0.721429,0.777765,0.541193
0.722143,0.633641,0.724717
0.722857,0.637381,0.700258
0.723571,0.63529,0.689525
0.724286,0.38811,0.693768
0.725,0.672805,0.672147
0.725714,0.659454,0.678025
0.726429,0.649832,0.678935
0.727143,0.642072,0.677617
0.727857,0.385483,0.686329
0.728571,0.682326,0.657511
0.729286,0.664663,0.664162
0.73,0.650524,0.667069
0.730714,0.723872,0.524685
0.731429,0.386999,0.728594
0.732143,0.66122,0.686462
0.732857,0.649265,0.683806
0.733571,0.393611,0.691502
0.734286,0.6808,0.667857
0.735,0.662999,0.674434
0.735714,0.649454,0.675375
0.736429,0.638074,0.674042
0.737143,0.37252,0.676614
0.737857,0.775655,0.531648
0.738571,0.633318,0.717398
0.739286,0.630966,0.693004
0.74,0.375407,0.685663
0.740714,0.676716,0.666175
0.741429,0.656609,0.671969
0.742143,0.64126,0.672106
0.742857,0.371107,0.674482
0.743571,0.683454,0.652537
0.744286,0.74374,0.522397
0.745,0.611865,0.719053
0.745714,0.368216,0.690845
0.746429,0.664507,0.669235
0.747143,0.644784,0.670744
0.747857,0.380703,0.680685
